0.0115967 -13.4022 0.623201 1.49839 -0.472451 0.491347 0.527424 -0.507141
0.027832 -13.4022 0.623201 1.49839 -0.472451 0.491347 0.527424 -0.507141
0.0435791 -13.4022 0.623201 1.49839 -0.472451 0.491347 0.527424 -0.507141
0.0576019 -13.4022 0.623201 1.49839 -0.472451 0.491347 0.527424 -0.507141
0.0874786 -13.4057 0.533675 1.49839 -0.472451 0.491347 0.527424 -0.507141
0.105896 -13.4079 0.478435 1.49839 -0.472451 0.491347 0.527424 -0.507141
0.121964 -13.4097 0.430299 1.49839 -0.472451 0.491347 0.527424 -0.507141
0.137589 -13.4116 0.383437 1.49839 -0.472451 0.491347 0.527424 -0.507141
0.151672 -13.4132 0.341241 1.49839 -0.472451 0.491347 0.527424 -0.507141
0.172989 -13.4157 0.277328 1.49839 -0.472451 0.491347 0.527424 -0.507141
0.180466 -13.4166 0.254931 1.49839 -0.472451 0.491347 0.527424 -0.507141
0.187912 -13.4175 0.232612 1.49839 -0.472451 0.491347 0.527424 -0.507141
0.206314 -13.4197 0.177441 1.49839 -0.472451 0.491347 0.527424 -0.507141
0.222321 -13.4215 0.129447 1.49839 -0.472451 0.491347 0.527424 -0.507141
0.237839 -13.4234 0.0829381 1.49839 -0.472451 0.491347 0.527424 -0.507141
0.252899 -13.4251 0.0377765 1.49839 -0.472451 0.491347 0.527424 -0.507141
0.283325 -13.4287 -0.0534242 1.49839 -0.472451 0.491347 0.527424 -0.507141
0.29007 -13.4295 -0.0736646 1.49839 -0.472451 0.491347 0.527424 -0.507141
0.30722 -13.4315 -0.125072 1.49839 -0.472451 0.491347 0.527424 -0.507141
0.317886 -13.4328 -0.15705 1.49839 -0.472451 0.491347 0.527424 -0.507141
0.333725 -13.4346 -0.20452 1.49839 -0.472451 0.491347 0.527424 -0.507141
0.345749 -13.4361 -0.240566 1.49839 -0.472451 0.491347 0.527424 -0.507141
0.362152 -13.438 -0.289711 1.49839 -0.472451 0.491347 0.527424 -0.507141
0.377823 -13.4398 -0.336702 1.49839 -0.472451 0.491347 0.527424 -0.507141
0.392578 -13.4416 -0.380935 1.49839 -0.472451 0.491347 0.527424 -0.507141
0.422501 -13.4451 -0.470654 1.49839 -0.472451 0.491347 0.527424 -0.507141
0.436401 -13.4467 -0.512293 1.49839 -0.472451 0.491347 0.527424 -0.507141
0.443878 -13.4476 -0.534732 1.49839 -0.472451 0.491347 0.527424 -0.507141
0.458435 -13.4493 -0.578347 1.49839 -0.472451 0.491347 0.527424 -0.507141
0.473206 -13.451 -0.622655 1.49839 -0.472451 0.491347 0.527424 -0.507141
0.492325 -13.4533 -0.679951 1.49839 -0.472451 0.491347 0.527424 -0.507141
0.509201 -13.4553 -0.730532 1.49839 -0.472451 0.491347 0.527424 -0.507141
0.525131 -13.4572 -0.778271 1.49839 -0.472451 0.491347 0.527424 -0.507141
0.53978 -13.4589 -0.822196 1.49839 -0.472451 0.491347 0.527424 -0.507141
0.569321 -13.4624 -0.910746 1.49839 -0.472451 0.491347 0.527424 -0.507141
0.584564 -13.4641 -0.956453 1.49839 -0.472451 0.491347 0.527424 -0.507141
0.591019 -13.4649 -0.975815 1.49839 -0.472451 0.491347 0.527424 -0.507141
0.605621 -13.4666 -1.01957 1.49839 -0.472451 0.491347 0.527424 -0.507141
0.618469 -13.4681 -1.05809 1.49839 -0.472451 0.491347 0.527424 -0.507141
0.637604 -13.4704 -1.11547 1.49839 -0.472451 0.491347 0.527424 -0.507141
0.655106 -13.4724 -1.16792 1.49839 -0.472451 0.491347 0.527424 -0.507141
0.671448 -13.4744 -1.2169 1.49839 -0.472451 0.491347 0.527424 -0.507141
0.688187 -13.4763 -1.26707 1.49839 -0.472451 0.491347 0.527424 -0.507141
0.705338 -13.4783 -1.3185 1.49839 -0.472451 0.491347 0.527424 -0.507141
0.727448 -13.4809 -1.38478 1.49839 -0.472451 0.491347 0.527424 -0.507141
0.744919 -13.483 -1.43713 1.49839 -0.472451 0.491347 0.527424 -0.507141
0.761505 -13.485 -1.48689 1.49839 -0.472451 0.491347 0.527424 -0.507141
0.776855 -13.4868 -1.53287 1.49839 -0.472451 0.491347 0.527424 -0.507141
0.792679 -13.4886 -1.58033 1.49839 -0.472451 0.491347 0.527424 -0.507141
0.827423 -13.4927 -1.68447 1.49839 -0.472451 0.491347 0.527424 -0.507141
0.843857 -13.4946 -1.73372 1.49839 -0.472451 0.491347 0.527424 -0.507141
0.859955 -13.4965 -1.78197 1.49839 -0.472451 0.491347 0.527424 -0.507141
0.881821 -13.4991 -1.84755 1.49839 -0.472451 0.491347 0.527424 -0.507141
0.901611 -13.5014 -1.90687 1.49839 -0.472451 0.491347 0.527424 -0.507141
0.920395 -13.5036 -1.96318 1.49839 -0.472451 0.491347 0.527424 -0.507141
0.938095 -13.5057 -2.01625 1.49839 -0.472451 0.491347 0.527424 -0.507141
0.954819 -13.5077 -2.06637 1.49839 -0.472451 0.491347 0.527424 -0.507141
0.989563 -13.5118 -2.1705 1.49839 -0.472451 0.491347 0.527424 -0.507141
1.0105 -13.5142 -2.23327 1.49839 -0.472451 0.491347 0.527424 -0.507141
1.02991 -13.5165 -2.29143 1.49839 -0.472451 0.491347 0.527424 -0.507141
1.04811 -13.5187 -2.34601 1.49839 -0.472451 0.491347 0.527424 -0.507141
1.06645 -13.5208 -2.40102 1.49839 -0.472451 0.491347 0.527424 -0.507141
1.0842 -13.5229 -2.45419 1.49839 -0.472451 0.491347 0.527424 -0.507141
1.10164 -13.5249 -2.50647 1.49839 -0.472451 0.491347 0.527424 -0.507141
1.13457 -13.5288 -2.60517 1.49839 -0.472451 0.491347 0.527424 -0.507141
1.15427 -13.5311 -2.66424 1.49839 -0.472451 0.491347 0.527424 -0.507141
1.17297 -13.5333 -2.72035 1.49839 -0.472451 0.491347 0.527424 -0.507141
1.19102 -13.5355 -2.77442 1.49839 -0.472451 0.491347 0.527424 -0.507141
1.20883 -13.5376 -2.8278 1.49839 -0.472451 0.491347 0.527424 -0.507141
1.22751 -13.5397 -2.88379 1.49839 -0.472451 0.491347 0.527424 -0.507141
1.23848 -13.541 -2.91667 1.49839 -0.472451 0.491347 0.527424 -0.507141
1.25572 -13.5431 -2.96839 1.49839 -0.472451 0.491347 0.527424 -0.507141
1.27219 -13.545 -3.01773 1.49839 -0.472451 0.491347 0.527424 -0.507141
1.28873 -13.5469 -3.06734 1.49839 -0.472451 0.491347 0.527424 -0.507141
1.32094 -13.481 -3.13796 1.49839 -0.473678 0.490164 0.526155 -0.508458
1.34085 -13.4392 -3.18058 1.49839 -0.479768 0.484205 0.519758 -0.514995
1.35968 -13.3984 -3.21967 1.49839 0.486976 -0.476954 -0.511975 0.522733
1.37782 -13.3582 -3.25638 1.49839 0.4929 -0.47083 -0.505401 0.529092
1.38864 -13.3335 -3.27739 1.49839 0.501064 -0.462132 -0.496065 0.537855
1.4059 -13.2937 -3.31053 1.49839 0.503368 -0.459621 -0.49337 0.540329
1.42403 -13.251 -3.34427 1.49839 0.509074 -0.453294 -0.486577 0.546453
1.44069 -13.2109 -3.37412 1.49839 0.515816 -0.445607 -0.478326 0.55369
1.45711 -13.1705 -3.40232 1.49839 0.522442 -0.43782 -0.469967 0.560803
1.48878 -13.0893 -3.45155 1.49839 0.53783 -0.421739 -0.450443 0.574435
1.50832 -13.0387 -3.48116 1.49839 0.540978 -0.417694 -0.446122 0.577797
1.52661 -12.9907 -3.50768 1.49839 0.546157 -0.410899 -0.438865 0.583328
1.5441 -12.9445 -3.53258 1.49839 0.548204 -0.408163 -0.435943 0.585515
1.55397 -12.9183 -3.5464 1.49839 0.550238 -0.405417 -0.43301 0.587688
1.56886 -12.8784 -3.56661 1.49839 0.553263 -0.401279 -0.42859 0.590919
1.59964 -12.7953 -3.60674 1.49839 0.557249 -0.395726 -0.42266 0.595175
1.60687 -12.7757 -3.61606 1.49839 0.558236 -0.394332 -0.421171 0.59623
1.62074 -12.738 -3.63378 1.49839 0.55922 -0.392935 -0.419679 0.597281
1.63835 -12.69 -3.65577 1.49839 0.561178 -0.390134 -0.416687 0.599372
1.65611 -12.6413 -3.67724 1.49839 0.564088 -0.385915 -0.41218 0.60248
1.67477 -12.5897 -3.69903 1.49839 0.566967 -0.381673 -0.40765 0.605554
1.69235 -12.5407 -3.71857 1.49839 0.570755 -0.375984 -0.401574 0.609601
1.7135 -12.4815 -3.74148 1.49839 0.572628 -0.373126 -0.398521 0.611601
1.74397 -12.396 -3.77365 1.49839 0.574486 -0.370258 -0.395458 0.613586
1.75618 -12.3616 -3.78637 1.49839 0.57541 -0.368821 -0.393923 0.614573
1.77257 -12.3154 -3.8032 1.49839 0.57633 -0.367381 -0.392385 0.615555
1.78819 -12.2713 -3.81905 1.49839 0.577247 -0.365939 -0.390845 0.616534
1.81668 -12.1907 -3.84751 1.49839 0.57816 -0.364495 -0.389303 0.61751
1.82335 -12.1718 -3.85418 1.49839 0.57816 -0.364495 -0.389303 0.61751
1.83688 -12.1336 -3.8677 1.49839 0.57816 -0.364495 -0.389303 0.61751
1.85072 -12.0944 -3.88154 1.49839 0.57816 -0.364495 -0.389303 0.61751
1.86192 -12.0627 -3.89256 1.49839 0.579069 -0.363048 -0.387758 0.618481
1.87758 -12.0182 -3.90777 1.49839 0.579975 -0.3616 -0.38621 0.619448
1.89293 -11.9746 -3.92246 1.49839 0.580877 -0.360148 -0.38466 0.620412
1.92146 -11.8933 -3.94935 1.49839 0.581776 -0.358695 -0.383108 0.621372
1.93459 -11.8559 -3.96154 1.49839 0.582671 -0.35724 -0.381553 0.622328
1.94096 -11.8377 -3.96737 1.49839 0.583562 -0.355782 -0.379996 0.62328
1.95488 -11.7979 -3.98009 1.49839 0.583562 -0.355782 -0.379996 0.62328
1.96877 -11.7581 -3.99238 1.49839 0.585334 -0.35286 -0.376875 0.625172
1.98904 -11.6997 -4.00946 1.49839 0.587964 -0.34846 -0.372176 0.627981
2.0054 -11.6522 -4.02159 1.49839 0.593971 -0.338118 -0.36113 0.634397
2.02052 -11.608 -4.03213 1.49839 0.596491 -0.333653 -0.356362 0.637088
2.03519 -11.5652 -4.04193 1.49839 0.598151 -0.330667 -0.353172 0.638862
2.06889 -11.4664 -4.06346 1.49839 0.599797 -0.327672 -0.349973 0.64062
2.08026 -11.433 -4.07039 1.49839 0.601428 -0.324669 -0.346766 0.642361
2.09692 -11.3839 -4.08006 1.49839 0.603044 -0.321658 -0.34355 0.644087
2.11241 -11.3382 -4.08812 1.49839 0.60623 -0.315611 -0.337092 0.64749
2.12657 -11.2963 -4.09509 1.49839 0.607801 -0.312576 -0.33385 0.649168
2.15536 -11.2108 -4.10754 1.49839 0.610896 -0.306483 -0.327342 0.652474
2.16223 -11.1904 -4.1104 1.49839 0.61166 -0.304954 -0.32571 0.65329
2.17635 -11.1484 -4.1163 1.49839 0.61166 -0.304954 -0.32571 0.65329
2.19078 -11.1055 -4.12211 1.49839 0.612421 -0.303424 -0.324075 0.654102
2.21036 -11.0695 -4.16847 1.49839 0.61393 -0.300358 -0.320801 0.655714
2.22711 -11.0383 -4.20782 1.49839 0.615424 -0.297285 -0.317518 0.65731
2.24255 -11.0089 -4.2437 1.49839 0.617637 -0.292661 -0.31258 0.659673
2.2718 -10.9523 -4.31077 1.49839 0.619814 -0.288021 -0.307623 0.661999
2.28909 -10.9187 -4.35023 1.49839 0.620532 -0.28647 -0.305967 0.662766
2.30527 -10.8868 -4.38685 1.49839 0.621957 -0.283364 -0.30265 0.664287
2.32555 -10.8465 -4.43237 1.49839 0.623366 -0.280251 -0.299324 0.665792
2.34258 -10.8122 -4.47024 1.49839 0.624759 -0.27713 -0.295992 0.667281
2.35884 -10.7791 -4.50607 1.49839 0.626137 -0.274003 -0.292652 0.668752
2.3896 -10.7148 -4.57229 1.49839 0.629513 -0.266155 -0.28427 0.672358
2.40329 -10.6859 -4.60144 1.49839 0.630836 -0.263004 -0.280904 0.673771
2.42044 -10.6491 -4.63746 1.49839 0.632791 -0.258266 -0.275843 0.675859
2.43716 -10.6127 -4.67201 1.49839 0.63471 -0.253512 -0.270767 0.677909
2.46054 -10.5607 -4.71903 1.49839 0.637829 -0.245559 -0.262272 0.68124
2.46942 -10.5409 -4.73681 1.49839 0.638441 -0.243964 -0.260568 0.681894
2.48427 -10.5075 -4.76633 1.49839 0.639049 -0.242367 -0.258862 0.682543
2.49979 -10.4724 -4.79685 1.49839 0.640253 -0.239168 -0.255446 0.683829
2.51205 -10.4444 -4.82071 1.49839 0.639726 -0.235333 -0.252613 0.686699
2.52936 -10.4046 -4.85416 1.49839 0.640312 -0.233733 -0.250896 0.687328
2.54581 -10.3663 -4.88519 1.49839 0.642618 -0.227319 -0.24401 0.689803
2.57747 -10.2909 -4.94304 1.49839 0.645409 -0.219268 -0.235369 0.692799
2.59605 -10.2462 -4.97634 1.49839 0.647035 -0.214422 -0.230166 0.694545
2.61349 -10.1945 -4.9685 1.49839 0.647569 -0.212804 -0.228429 0.695118
2.63052 -10.144 -4.96059 1.49839 0.648099 -0.211184 -0.22669 0.695687
2.6638 -10.0454 -4.94514 1.49839 0.649836 -0.21175 -0.226162 0.694064
2.6805 -9.9959 -4.93739 1.49839 0.649836 -0.21175 -0.226162 0.694064
2.69601 -9.94989 -4.93018 1.49839 0.649836 -0.21175 -0.226162 0.694064
2.71619 -9.89017 -4.92052 1.49839 0.650364 -0.210125 -0.224426 0.694628
2.7345 -9.83594 -4.91174 1.49839 0.650364 -0.210125 -0.224426 0.694628
2.75134 -9.78607 -4.90368 1.49839 0.650364 -0.210125 -0.224426 0.694628
2.78375 -9.69007 -4.88814 1.49839 0.650364 -0.210125 -0.224426 0.694628
2.80312 -9.63274 -4.87887 1.49839 0.650364 -0.210125 -0.224426 0.694628
2.82069 -9.58068 -4.87045 1.49839 0.650364 -0.210125 -0.224426 0.694628
2.83739 -9.53124 -4.86245 1.49839 0.650364 -0.210125 -0.224426 0.694628
2.86761 -9.44172 -4.84797 1.49839 0.650364 -0.210125 -0.224426 0.694628
2.88228 -9.39831 -4.84094 1.49839 0.650364 -0.210125 -0.224426 0.694628
2.89723 -9.35401 -4.83377 1.49839 0.650364 -0.210125 -0.224426 0.694628
2.91599 -9.29848 -4.82479 1.49839 0.650364 -0.210125 -0.224426 0.694628
2.93285 -9.24854 -4.81671 1.49839 0.650364 -0.210125 -0.224426 0.694628
2.94872 -9.20153 -4.80911 1.49839 0.650364 -0.210125 -0.224426 0.694628
2.96411 -9.15593 -4.80173 1.49839 0.650364 -0.210125 -0.224426 0.694628
2.99374 -9.06821 -4.78754 1.49839 0.650364 -0.210125 -0.224426 0.694628
3.00647 -9.03052 -4.78144 1.49839 0.650364 -0.210125 -0.224426 0.694628
3.02275 -8.98229 -4.77364 1.49839 0.650364 -0.210125 -0.224426 0.694628
3.03857 -8.93544 -4.76606 1.49839 0.650364 -0.210125 -0.224426 0.694628
3.05307 -8.89252 -4.75911 1.49839 0.650364 -0.210125 -0.224426 0.694628
3.08398 -8.80096 -4.7443 1.49839 0.650364 -0.210125 -0.224426 0.694628
3.099 -8.75649 -4.7371 1.49839 0.650364 -0.210125 -0.224426 0.694628
3.11801 -8.70019 -4.728 1.49839 0.650364 -0.210125 -0.224426 0.694628
3.13516 -8.64937 -4.71978 1.49839 0.650364 -0.210125 -0.224426 0.694628
3.15123 -8.60182 -4.71208 1.49839 0.650364 -0.210125 -0.224426 0.694628
3.16638 -8.55693 -4.70482 1.49839 0.650364 -0.210125 -0.224426 0.694628
3.19005 -8.48682 -4.69348 1.49839 0.650364 -0.210125 -0.224426 0.694628
3.205 -8.44257 -4.68632 1.49839 0.650364 -0.210125 -0.224426 0.694628
3.22168 -8.39317 -4.67833 1.49839 0.650364 -0.210125 -0.224426 0.694628
3.23718 -8.34727 -4.6709 1.49839 0.650364 -0.210125 -0.224426 0.694628
3.26085 -8.27717 -4.65956 1.49839 0.650364 -0.210125 -0.224426 0.694628
3.26947 -8.25163 -4.65543 1.49839 0.650364 -0.210125 -0.224426 0.694628
3.28372 -8.20941 -4.6486 1.49839 0.650364 -0.210125 -0.224426 0.694628
3.30325 -8.15158 -4.63924 1.49839 0.650364 -0.210125 -0.224426 0.694628
3.31998 -8.10204 -4.63123 1.49839 0.650364 -0.210125 -0.224426 0.694628
3.33557 -8.05586 -4.62375 1.49839 0.650364 -0.210125 -0.224426 0.694628
3.36671 -7.96365 -4.60884 1.49839 0.650364 -0.210125 -0.224426 0.694628
3.38676 -7.90426 -4.59923 1.49839 0.650364 -0.210125 -0.224426 0.694628
3.40356 -7.85449 -4.59118 1.49839 0.650364 -0.210125 -0.224426 0.694628
3.41913 -7.8084 -4.58372 1.49839 0.650364 -0.210125 -0.224426 0.694628
3.44325 -7.73696 -4.57216 1.49839 0.650364 -0.210125 -0.224426 0.694628
3.45248 -7.70962 -4.56774 1.49839 0.650364 -0.210125 -0.224426 0.694628
3.46677 -7.66733 -4.56089 1.49839 0.650364 -0.210125 -0.224426 0.694628
3.48691 -7.60768 -4.55124 1.49839 0.650364 -0.210125 -0.224426 0.694628
3.50401 -7.55701 -4.54305 1.49839 0.650364 -0.210125 -0.224426 0.694628
3.52037 -7.50861 -4.53522 1.49839 0.650364 -0.210125 -0.224426 0.694628
3.55202 -7.41488 -4.52005 1.49839 0.650364 -0.210125 -0.224426 0.694628
3.57088 -7.359 -4.51101 1.49839 0.650364 -0.210125 -0.224426 0.694628
3.58795 -7.30846 -4.50284 1.49839 0.650364 -0.210125 -0.224426 0.694628
3.60414 -7.2605 -4.49508 1.49839 0.650364 -0.210125 -0.224426 0.694628
3.63298 -7.17508 -4.48126 1.49839 0.650364 -0.210125 -0.224426 0.694628
3.644 -7.14247 -4.47598 1.49839 0.650364 -0.210125 -0.224426 0.694628
3.65707 -7.10372 -4.46971 1.49839 0.650364 -0.210125 -0.224426 0.694628
3.67271 -7.05742 -4.46222 1.49839 0.650364 -0.210125 -0.224426 0.694628
3.69337 -6.99618 -4.45263 1.49839 0.649836 -0.21175 -0.226162 0.694064
3.71542 -6.93076 -4.44305 1.49839 0.6505 -0.21557 -0.229091 0.691301
3.7317 -6.88238 -4.43621 1.49839 0.649959 -0.217195 -0.230819 0.690726
3.76283 -6.7898 -4.42407 1.49839 0.648865 -0.220443 -0.234269 0.689563
3.77481 -6.75412 -4.41957 1.49839 0.650032 -0.222653 -0.235437 0.687353
3.7914 -6.70474 -4.4136 1.49839 0.649473 -0.224278 -0.237154 0.686762
3.80737 -6.65712 -4.40808 1.49839 0.648911 -0.225901 -0.23887 0.686167
3.83768 -6.56673 -4.39852 1.49839 0.649484 -0.229747 -0.241725 0.683342
3.85283 -6.52149 -4.39419 1.49839 0.648327 -0.232992 -0.245138 0.682125
3.86694 -6.47932 -4.39037 1.49839 0.647742 -0.234612 -0.246843 0.68151
3.87427 -6.45742 -4.38849 1.49839 0.647153 -0.236231 -0.248546 0.680891
3.88834 -6.41532 -4.3851 1.49839 0.646561 -0.237848 -0.250247 0.680267
3.90694 -6.35968 -4.3809 1.49839 0.645964 -0.239463 -0.251947 0.67964
3.92374 -6.30939 -4.3776 1.49839 0.644759 -0.24269 -0.255342 0.678371
3.93967 -6.26171 -4.37496 1.49839 0.645228 -0.246557 -0.258115 0.675475
3.97087 -6.16811 -4.37165 1.49839 0.64273 -0.252997 -0.264857 0.67286
3.98936 -6.11269 -4.36996 1.49839 0.642096 -0.254603 -0.266538 0.672196
4.00589 -6.06311 -4.36895 1.49839 0.640815 -0.25781 -0.269896 0.670855
4.02115 -6.01732 -4.36824 1.49839 0.640168 -0.259411 -0.271572 0.670178
4.0457 -5.9437 -4.36748 1.49839 0.64119 -0.261693 -0.272593 0.667896
4.05382 -5.91933 -4.36723 1.49839 0.64119 -0.261693 -0.272593 0.667896
4.06795 -5.87697 -4.367 1.49839 0.640533 -0.263295 -0.274262 0.667213
4.08728 -5.81896 -4.36697 1.49839 0.639873 -0.264896 -0.275929 0.666525
4.10393 -5.769 -4.36745 1.49839 0.638541 -0.268092 -0.279259 0.665137
4.1201 -5.7205 -4.36816 1.49839 0.637868 -0.269688 -0.280921 0.664437
4.15074 -5.62863 -4.3718 1.49839 0.634447 -0.27764 -0.289204 0.660874
4.16174 -5.5957 -4.37344 1.49839 0.633051 -0.280808 -0.292505 0.659419
4.1778 -5.54764 -4.37679 1.49839 0.630212 -0.287125 -0.299084 0.656461
4.1926 -5.50344 -4.38076 1.49839 0.627309 -0.293412 -0.305634 0.653438
4.22079 -5.41933 -4.39001 1.49839 0.624344 -0.299671 -0.312153 0.650349
4.23521 -5.37639 -4.39539 1.49839 0.622078 -0.304345 -0.317021 0.647989
4.24117 -5.35872 -4.39779 1.49839 0.618931 -0.30665 -0.321025 0.647945
4.25816 -5.3082 -4.40489 1.49839 0.618163 -0.308196 -0.322644 0.647141
4.27376 -5.26196 -4.41186 1.49839 0.616614 -0.311283 -0.325875 0.64552
4.28856 -5.2181 -4.41892 1.49839 0.61505 -0.314362 -0.329099 0.643882
4.31755 -5.13246 -4.43402 1.49839 0.612675 -0.318966 -0.333919 0.641396
4.32774 -5.10244 -4.43978 1.49839 0.610265 -0.323552 -0.33872 0.638873
4.34328 -5.05678 -4.44902 1.49839 0.60864 -0.326599 -0.34191 0.637172
4.35803 -5.01378 -4.45953 1.49839 0.601986 -0.338706 -0.354584 0.630207
4.38475 -4.93639 -4.4805 1.49839 0.597706 -0.346204 -0.362434 0.625725
4.39064 -4.91936 -4.48511 1.49839 0.597706 -0.346204 -0.362434 0.625725
4.40315 -4.88313 -4.49493 1.49839 0.597706 -0.346204 -0.362434 0.625725
4.41833 -4.83919 -4.50707 1.49839 0.596838 -0.347698 -0.363997 0.624817
4.42815 -4.81087 -4.51505 1.49839 0.595967 -0.349189 -0.365558 0.623905
4.44344 -4.76671 -4.52749 1.49839 0.595967 -0.349189 -0.365558 0.623905
4.45764 -4.72583 -4.53945 1.49839 0.594214 -0.352164 -0.368673 0.62207
4.48717 -4.64108 -4.56516 1.49839 0.592446 -0.355131 -0.371779 0.620219
4.49779 -4.61063 -4.57457 1.49839 0.591556 -0.356611 -0.373328 0.619287
4.51321 -4.56649 -4.58845 1.49839 0.590663 -0.358088 -0.374875 0.618352
4.5276 -4.52542 -4.60181 1.49839 0.588865 -0.361037 -0.377962 0.61647
4.55469 -4.44843 -4.62772 1.49839 0.587052 -0.363977 -0.38104 0.614572
4.5605 -4.43191 -4.63337 1.49839 0.586141 -0.365443 -0.382575 0.613618
4.57355 -4.39494 -4.64622 1.49839 0.585225 -0.366908 -0.384108 0.612659
4.59009 -4.35027 -4.6246 1.49839 0.585225 -0.366908 -0.384108 0.612659
4.61023 -4.29575 -4.59855 1.49839 0.584306 -0.36837 -0.385638 0.611697
4.63211 -4.23624 -4.57084 1.49839 0.582457 -0.371287 -0.388692 0.609761
4.64561 -4.19934 -4.5541 1.49839 0.580593 -0.374194 -0.391736 0.60781
4.67616 -4.11533 -4.51751 1.49839 0.57777 -0.378538 -0.396283 0.604855
4.69435 -4.06518 -4.49596 1.49839 0.576822 -0.379981 -0.397794 0.603863
4.71111 -4.01894 -4.47637 1.49839 0.575871 -0.381422 -0.399303 0.602866
4.72664 -3.97583 -4.45861 1.49839 0.573956 -0.384297 -0.402312 0.600862
4.75026 -3.91005 -4.43227 1.49839 0.572028 -0.387162 -0.405311 0.598843
4.76471 -3.86974 -4.41637 1.49839 0.571058 -0.388591 -0.406807 0.597828
4.78279 -3.81917 -4.39671 1.49839 0.570085 -0.390017 -0.4083 0.596809
4.80208 -3.76515 -4.37602 1.49839 0.569108 -0.391441 -0.409791 0.595787
4.81523 -3.72815 -4.36227 1.49839 0.567143 -0.394282 -0.412765 0.59373
4.84294 -3.65008 -4.3337 1.49839 0.566156 -0.395698 -0.414248 0.592696
4.85066 -3.6283 -4.32585 1.49839 0.565165 -0.397112 -0.415728 0.591659
4.86427 -3.5898 -4.3122 1.49839 0.56417 -0.398524 -0.417206 0.590618
4.88077 -3.54295 -4.29585 1.49839 0.563172 -0.399933 -0.418681 0.589573
4.89738 -3.49587 -4.27994 1.49839 0.561166 -0.402744 -0.421624 0.587472
4.91113 -3.45651 -4.26752 1.49839 0.55711 -0.408336 -0.427478 0.583227
4.92639 -3.41281 -4.25396 1.49839 0.556088 -0.409727 -0.428934 0.582156
4.94743 -3.35224 -4.23616 1.49839 0.552999 -0.413886 -0.433288 0.578923
4.96413 -3.30412 -4.22229 1.49839 0.551963 -0.415267 -0.434734 0.577838
4.98064 -3.25638 -4.20903 1.49839 0.548439 -0.416927 -0.438662 0.57703
4.99472 -3.21564 -4.19794 1.49839 0.547395 -0.418296 -0.440103 0.575931
5.01128 -3.16757 -4.18537 1.49839 0.545296 -0.421028 -0.442977 0.573724
5.03172 -3.10788 -4.17134 1.49839 0.539991 -0.427811 -0.450114 0.568142
5.04799 -3.06017 -4.16089 1.49839 0.536767 -0.431849 -0.454362 0.56475
5.06299 -3.01596 -4.15257 1.49839 0.530229 -0.439852 -0.462782 0.557871
5.07841 -2.97033 -4.14494 1.49839 0.52442 -0.44396 -0.469449 0.554528
5.09818 -2.91173 -4.13604 1.49839 0.521075 -0.44788 -0.473595 0.550992
5.10347 -2.89601 -4.13381 1.49839 0.518829 -0.45048 -0.476344 0.548617
5.11998 -2.84695 -4.12685 1.49839 0.518829 -0.45048 -0.476344 0.548617
5.13548 -2.80082 -4.12079 1.49839 0.51657 -0.453068 -0.479081 0.546229
5.15053 -2.75603 -4.11558 1.49839 0.513158 -0.45693 -0.483164 0.54262
5.18268 -2.65991 -4.10731 1.49839 0.506247 -0.464576 -0.491248 0.535312
5.19159 -2.63326 -4.10515 1.49839 0.505084 -0.46584 -0.492585 0.534082
5.20583 -2.59066 -4.10213 1.49839 0.502748 -0.468359 -0.49525 0.531612
5.21904 -2.55108 -4.09972 1.49839 0.5004 -0.470867 -0.497901 0.52913
5.25061 -2.45651 -4.09491 1.49839 0.498039 -0.473363 -0.500541 0.526634
5.25954 -2.42976 -4.09382 1.49839 0.495666 -0.475848 -0.503168 0.524124
5.27394 -2.38656 -4.09227 1.49839 0.494475 -0.477085 -0.504476 0.522865
5.28682 -2.34794 -4.09128 1.49839 0.492084 -0.479552 -0.507084 0.520336
5.30969 -2.27933 -4.08985 1.49839 0.490883 -0.48078 -0.508384 0.519066
5.3232 -2.23883 -4.08921 1.49839 0.48968 -0.482006 -0.50968 0.517794
5.33954 -2.18983 -4.08844 1.49839 0.48968 -0.482006 -0.50968 0.517794
5.35439 -2.14528 -4.08818 1.49839 0.487264 -0.484449 -0.512262 0.515239
5.37042 -2.09716 -4.08814 1.49839 0.486051 -0.485665 -0.513549 0.513957
5.39211 -2.03212 -4.08842 1.49839 -0.484835 0.486879 0.514832 -0.512671
5.40797 -1.98448 -4.08862 1.49839 -0.484835 0.486879 0.514832 -0.512671
5.42261 -1.94059 -4.0888 1.49839 -0.484835 0.486879 0.514832 -0.512671
5.43643 -1.89914 -4.08898 1.49839 -0.484835 0.486879 0.514832 -0.512671
5.46861 -1.8026 -4.08986 1.49839 -0.483617 0.488089 0.516112 -0.511383
5.47752 -1.77587 -4.09011 1.49839 -0.483617 0.488089 0.516112 -0.511383
5.49164 -1.73352 -4.09071 1.49839 -0.482395 0.489297 0.517389 -0.510091
5.50488 -1.69378 -4.09148 1.49839 -0.48117 0.490501 0.518663 -0.508796
5.52649 -1.62897 -4.09272 1.49839 -0.48117 0.490501 0.518663 -0.508796
5.54001 -1.58842 -4.0935 1.49839 -0.48117 0.490501 0.518663 -0.508796
5.55655 -1.53883 -4.09445 1.49839 -0.48117 0.490501 0.518663 -0.508796
5.57079 -1.49614 -4.09549 1.49839 -0.479942 0.491703 0.519933 -0.507497
5.58742 -1.44624 -4.09694 1.49839 -0.478712 0.492901 0.5212 -0.506196
5.60976 -1.37927 -4.0989 1.49839 -0.478712 0.492901 0.5212 -0.506196
5.62892 -1.32179 -4.10087 1.49839 -0.477478 0.494096 0.522464 -0.504891
5.64227 -1.2818 -4.10244 1.49839 -0.476241 0.495288 0.523724 -0.503584
5.66104 -1.22554 -4.10492 1.49839 -0.475001 0.496477 0.524982 -0.502273
5.6907 -1.13665 -4.10886 1.49839 -0.475001 0.496477 0.524982 -0.502273
5.70288 -1.10015 -4.11047 1.49839 -0.475001 0.496477 0.524982 -0.502273
5.71236 -1.07175 -4.11173 1.49839 -0.475001 0.496477 0.524982 -0.502273
5.72678 -1.0285 -4.11364 1.49839 -0.475001 0.496477 0.524982 -0.502273
5.74014 -0.988451 -4.11541 1.49839 -0.475001 0.496477 0.524982 -0.502273
5.76076 -0.926686 -4.11814 1.49839 -0.475001 0.496477 0.524982 -0.502273
5.77661 -0.879165 -4.12025 1.49839 -0.475001 0.496477 0.524982 -0.502273
5.79085 -0.836499 -4.12213 1.49839 -0.475001 0.496477 0.524982 -0.502273
5.80431 -0.79617 -4.12392 1.49839 -0.475001 0.496477 0.524982 -0.502273
5.83607 -0.700944 -4.12813 1.49839 -0.475001 0.496477 0.524982 -0.502273
5.84511 -0.673865 -4.12933 1.49839 -0.475001 0.496477 0.524982 -0.502273
5.85957 -0.630495 -4.13125 1.49839 -0.475001 0.496477 0.524982 -0.502273
5.87317 -0.589758 -4.13305 1.49839 -0.475001 0.496477 0.524982 -0.502273
5.89452 -0.52581 -4.13588 1.49839 -0.475001 0.496477 0.524982 -0.502273
5.90735 -0.487315 -4.13758 1.49839 -0.475001 0.496477 0.524982 -0.502273
5.92476 -0.435149 -4.13989 1.49839 -0.475001 0.496477 0.524982 -0.502273
5.94119 -0.3859 -4.14207 1.49839 -0.475001 0.496477 0.524982 -0.502273
5.95628 -0.340658 -4.14407 1.49839 -0.475001 0.496477 0.524982 -0.502273
5.987 -0.248614 -4.14814 1.49839 -0.475001 0.496477 0.524982 -0.502273
5.99609 -0.22133 -4.14934 1.49839 -0.475001 0.496477 0.524982 -0.502273
6.01057 -0.177969 -4.15126 1.49839 -0.475001 0.496477 0.524982 -0.502273
6.02429 -0.13683 -4.15308 1.49839 -0.475001 0.496477 0.524982 -0.502273
6.04567 -0.0727862 -4.15592 1.49839 -0.475001 0.496477 0.524982 -0.502273
6.05841 -0.0345888 -4.1576 1.49839 -0.475001 0.496477 0.524982 -0.502273
6.07568 0.0172018 -4.15989 1.49839 -0.475001 0.496477 0.524982 -0.502273
6.09079 0.0624452 -4.1619 1.49839 -0.475001 0.496477 0.524982 -0.502273
6.10558 0.106782 -4.16386 1.49839 -0.475001 0.496477 0.524982 -0.502273
6.13823 0.204639 -4.16819 1.49839 -0.475001 0.496477 0.524982 -0.502273
6.14731 0.231826 -4.16939 1.49839 -0.475001 0.496477 0.524982 -0.502273
6.16136 0.273956 -4.17125 1.49839 -0.475001 0.496477 0.524982 -0.502273
6.17528 0.315671 -4.1731 1.49839 -0.475001 0.496477 0.524982 -0.502273
6.19685 0.380336 -4.17596 1.49839 -0.475001 0.496477 0.524982 -0.502273
6.21152 0.42429 -4.1779 1.49839 -0.475001 0.496477 0.524982 -0.502273
6.22723 0.471389 -4.17999 1.49839 -0.475001 0.496477 0.524982 -0.502273
6.24176 0.514935 -4.18191 1.49839 -0.475001 0.496477 0.524982 -0.502273
6.25746 0.56197 -4.18399 1.49839 -0.475001 0.496477 0.524982 -0.502273
6.27934 0.627568 -4.18689 1.49839 -0.475001 0.496477 0.524982 -0.502273
6.29475 0.673775 -4.18894 1.49839 -0.475001 0.496477 0.524982 -0.502273
6.31049 0.720879 -4.19102 1.49839 -0.475001 0.496477 0.524982 -0.502273
6.32416 0.761887 -4.19284 1.49839 -0.475001 0.496477 0.524982 -0.502273
6.34488 0.823999 -4.19558 1.49839 -0.475001 0.496477 0.524982 -0.502273
6.36093 0.872088 -4.19771 1.49839 -0.475001 0.496477 0.524982 -0.502273
6.37506 0.914443 -4.19958 1.49839 -0.475001 0.496477 0.524982 -0.502273
6.39082 0.961679 -4.20167 1.49839 -0.475001 0.496477 0.524982 -0.502273
6.41412 1.03153 -4.20476 1.49839 -0.475001 0.496477 0.524982 -0.502273
6.42963 1.07796 -4.20682 1.49839 -0.475001 0.496477 0.524982 -0.502273
6.44403 1.12114 -4.20873 1.49839 -0.475001 0.496477 0.524982 -0.502273
6.45757 1.16172 -4.21052 1.49839 -0.475001 0.496477 0.524982 -0.502273
6.47891 1.22567 -4.21335 1.49839 -0.475001 0.496477 0.524982 -0.502273
6.49504 1.27402 -4.21549 1.49839 -0.475001 0.496477 0.524982 -0.502273
6.5088 1.31526 -4.21731 1.49839 -0.475001 0.496477 0.524982 -0.502273
6.52576 1.36607 -4.21956 1.49839 -0.475001 0.496477 0.524982 -0.502273
6.5486 1.43456 -4.22259 1.49839 -0.475001 0.496477 0.524982 -0.502273
6.56848 1.49414 -4.22523 1.49839 -0.475001 0.496477 0.524982 -0.502273
6.58275 1.53691 -4.22712 1.49839 -0.475001 0.496477 0.524982 -0.502273
6.59749 1.58106 -4.22907 1.49839 -0.475001 0.496477 0.524982 -0.502273
6.61542 1.63479 -4.23145 1.49839 -0.475001 0.496477 0.524982 -0.502273
6.62424 1.66125 -4.23262 1.49839 -0.475001 0.496477 0.524982 -0.502273
6.63913 1.70589 -4.23459 1.49839 -0.475001 0.496477 0.524982 -0.502273
6.65453 1.75203 -4.23663 1.49839 -0.475001 0.496477 0.524982 -0.502273
6.68135 1.83239 -4.24019 1.49839 -0.475001 0.496477 0.524982 -0.502273
6.69025 1.85909 -4.24137 1.49839 -0.475001 0.496477 0.524982 -0.502273
6.70444 1.9016 -4.24325 1.49839 -0.475001 0.496477 0.524982 -0.502273
6.71957 1.94697 -4.24526 1.49839 -0.475001 0.496477 0.524982 -0.502273
6.74774 2.03139 -4.24899 1.49839 -0.475001 0.496477 0.524982 -0.502273
6.75652 2.05766 -4.25015 1.49839 -0.475001 0.496477 0.524982 -0.502273
6.77077 2.10038 -4.25204 1.49839 -0.475001 0.496477 0.524982 -0.502273
6.78418 2.14061 -4.25382 1.49839 -0.475001 0.496477 0.524982 -0.502273
6.81532 2.23393 -4.25795 1.49839 -0.475001 0.496477 0.524982 -0.502273
6.82117 2.25147 -4.25873 1.49839 -0.475001 0.496477 0.524982 -0.502273
6.83719 2.29945 -4.26085 1.49839 -0.475001 0.496477 0.524982 -0.502273
6.85263 2.34573 -4.2629 1.49839 -0.475001 0.496477 0.524982 -0.502273
6.86896 2.39467 -4.26506 1.49839 -0.475001 0.496477 0.524982 -0.502273
6.89159 2.46251 -4.26806 1.49839 -0.475001 0.496477 0.524982 -0.502273
6.90399 2.4997 -4.26971 1.49839 -0.475001 0.496477 0.524982 -0.502273
6.91943 2.54597 -4.27175 1.49839 -0.475001 0.496477 0.524982 -0.502273
6.93962 2.60647 -4.27443 1.49839 -0.475001 0.496477 0.524982 -0.502273
6.95529 2.65345 -4.27651 1.49839 -0.475001 0.496477 0.524982 -0.502273
6.97064 2.69942 -4.27854 1.49839 -0.475001 0.496477 0.524982 -0.502273
6.99348 2.76789 -4.28157 1.49839 -0.475001 0.496477 0.524982 -0.502273
7.00937 2.81551 -4.28368 1.49839 -0.475001 0.496477 0.524982 -0.502273
7.02457 2.86104 -4.28569 1.49839 -0.475001 0.496477 0.524982 -0.502273
7.03839 2.90249 -4.28753 1.49839 -0.475001 0.496477 0.524982 -0.502273
7.05998 2.9672 -4.29039 1.49839 -0.475001 0.496477 0.524982 -0.502273
7.07593 3.01499 -4.2925 1.49839 -0.475001 0.496477 0.524982 -0.502273
7.09052 3.0587 -4.29444 1.49839 -0.475001 0.496477 0.524982 -0.502273
7.1055 3.10361 -4.29642 1.49839 -0.475001 0.496477 0.524982 -0.502273
7.1279 3.17076 -4.29939 1.49839 -0.475001 0.496477 0.524982 -0.502273
7.14433 3.22001 -4.30157 1.49839 -0.475001 0.496477 0.524982 -0.502273
7.15898 3.26389 -4.30351 1.49839 -0.475001 0.496477 0.524982 -0.502273
7.17392 3.30866 -4.30549 1.49839 -0.475001 0.496477 0.524982 -0.502273
7.19489 3.3715 -4.30827 1.49839 -0.475001 0.496477 0.524982 -0.502273
7.21077 3.4191 -4.31038 1.49839 -0.475001 0.496477 0.524982 -0.502273
7.22531 3.46269 -4.31231 1.49839 -0.475001 0.496477 0.524982 -0.502273
7.23994 3.50656 -4.31425 1.49839 -0.475001 0.496477 0.524982 -0.502273
7.26419 3.55592 -4.36764 1.49839 -0.476241 0.495288 0.523724 -0.503584
7.28036 3.58887 -4.40327 1.49839 -0.476241 0.495288 0.523724 -0.503584
7.29463 3.6181 -4.43458 1.49839 -0.477478 0.494096 0.522464 -0.504891
7.308 3.64575 -4.4636 1.49839 -0.479942 0.491703 0.519933 -0.507497
7.32896 3.69026 -4.50804 1.49839 0.486051 -0.485665 -0.513549 0.513957
7.34312 3.7209 -4.53743 1.49839 0.489584 -0.479508 -0.509584 0.520292
7.36151 3.76165 -4.57461 1.49839 0.495539 -0.473351 -0.503041 0.526621
7.37634 3.79483 -4.60428 1.49839 0.4979 -0.470867 -0.500401 0.52913
7.38382 3.81186 -4.61891 1.49839 0.502584 -0.465865 -0.495085 0.534107
7.41594 3.88679 -4.67945 1.49839 0.509515 -0.458274 -0.487018 0.541473
7.42548 3.90921 -4.6972 1.49839 0.5118 -0.455721 -0.484305 0.543901
7.44057 3.945 -4.72495 1.49839 0.514072 -0.453156 -0.481579 0.546316
7.4547 3.97888 -4.75042 1.49839 0.517456 -0.449288 -0.477468 0.549912
7.48466 4.05155 -4.80336 1.49839 0.520811 -0.445394 -0.473331 0.553478
7.49086 4.06673 -4.81408 1.49839 0.524137 -0.441476 -0.469166 0.557012
7.50432 4.09984 -4.8372 1.49839 0.525239 -0.440164 -0.467772 0.558183
7.5188 4.13584 -4.86154 1.49839 0.528526 -0.436212 -0.463573 0.561676
7.53629 4.17956 -4.89047 1.49839 0.5307 -0.433564 -0.460759 0.563987
7.55342 4.22274 -4.91843 1.49839 0.532861 -0.430905 -0.457933 0.566284
7.56935 4.26322 -4.94379 1.49839 0.536078 -0.426897 -0.453673 0.569702
7.58612 4.30625 -4.96985 1.49839 0.539265 -0.422864 -0.449387 0.573089
7.60342 4.35081 -4.99654 1.49839 0.54032 -0.421515 -0.447953 0.57421
7.61984 4.39332 -5.02142 1.49839 0.542421 -0.418808 -0.445077 0.576443
7.63831 4.44124 -5.04916 1.49839 0.543466 -0.417451 -0.443634 0.577554
7.65689 4.48976 -5.07659 1.49839 0.545547 -0.414728 -0.440741 0.579765
7.67253 4.53074 -5.09949 1.49839 0.546582 -0.413363 -0.43929 0.580865
7.68906 4.57424 -5.12323 1.49839 0.548642 -0.410625 -0.43638 0.583054
7.70955 4.62835 -5.15242 1.49839 0.549667 -0.409252 -0.434921 0.584143
7.72656 4.67351 -5.17619 1.49839 0.551706 -0.406498 -0.431995 0.58631
7.74246 4.71596 -5.198 1.49839 0.553731 -0.403735 -0.429058 0.588463
7.75746 4.75618 -5.21816 1.49839 0.555743 -0.400961 -0.426111 0.590601
7.77888 4.81421 -5.2458 1.49839 0.559725 -0.395384 -0.420183 0.594832
7.79549 4.85916 -5.26722 1.49839 0.559725 -0.395384 -0.420183 0.594832
7.811 4.90139 -5.28682 1.49839 0.561695 -0.39258 -0.417204 0.596926
7.825 4.93963 -5.30411 1.49839 0.563651 -0.389767 -0.414214 0.599004
7.85713 5.02827 -5.34207 1.49839 0.56752 -0.384111 -0.408203 0.603117
7.87654 5.0819 -5.36472 1.49839 0.568479 -0.382691 -0.406694 0.604135
7.89293 5.12737 -5.38339 1.49839 0.570385 -0.379844 -0.403669 0.606161
7.90781 5.16876 -5.40014 1.49839 0.571333 -0.378417 -0.402152 0.607168
7.92897 5.22797 -5.42308 1.49839 0.574155 -0.374121 -0.397587 0.610167
7.9455 5.27428 -5.44075 1.49839 0.575088 -0.372685 -0.39606 0.611159
7.961 5.31781 -5.45712 1.49839 0.576018 -0.371246 -0.394531 0.612148
7.974 5.35438 -5.47066 1.49839 0.576945 -0.369804 -0.393 0.613132
7.99683 5.41881 -5.49379 1.49839 0.578786 -0.366915 -0.389929 0.615089
8.01477 5.46968 -5.51147 1.49839 0.580614 -0.364017 -0.386849 0.617031
8.03159 5.51751 -5.52757 1.49839 0.582427 -0.361109 -0.383759 0.618958
8.0464 5.55971 -5.54153 1.49839 0.583327 -0.359652 -0.38221 0.619915
8.07736 5.64843 -5.56894 1.49839 0.586895 -0.353801 -0.375992 0.623706
8.08911 5.68222 -5.57901 1.49839 0.588656 -0.350862 -0.372869 0.625579
8.1055 5.72942 -5.59282 1.49839 0.589532 -0.349389 -0.371304 0.626509
8.12053 5.77287 -5.60482 1.49839 0.59056 -0.34404 -0.367456 0.630754
8.1514 5.86249 -5.62815 1.49839 0.593124 -0.339601 -0.362715 0.633492
8.16682 5.9074 -5.63936 1.49839 0.594815 -0.336632 -0.359543 0.635298
8.17822 5.94065 -5.6473 1.49839 0.596491 -0.333653 -0.356362 0.637088
8.19504 5.9898 -5.65853 1.49839 0.598151 -0.330667 -0.353172 0.638862
8.21045 6.03501 -5.66839 1.49839 0.599797 -0.327672 -0.349973 0.64062
8.2394 6.12037 -5.68433 1.49839 0.604645 -0.318638 -0.340325 0.645797
8.24745 6.14413 -5.68864 1.49839 0.605439 -0.317126 -0.338709 0.646646
8.25447 6.1649 -5.6922 1.49839 0.607017 -0.314095 -0.335472 0.648331
8.2686 6.2067 -5.69914 1.49839 0.607801 -0.312576 -0.33385 0.649168
8.2881 6.26452 -5.70815 1.49839 0.609356 -0.309533 -0.3306 0.650829
8.30505 6.31482 -5.71548 1.49839 0.610896 -0.306483 -0.327342 0.652474
8.32066 6.36126 -5.72177 1.49839 0.612421 -0.303424 -0.324075 0.654102
8.35112 6.45211 -5.73131 1.49839 0.616903 -0.294204 -0.314228 0.65889
8.36331 6.48855 -5.73476 1.49839 0.618366 -0.291116 -0.310929 0.660453
8.38077 6.54072 -5.73919 1.49839 0.619814 -0.288021 -0.307623 0.661999
8.39659 6.58803 -5.74272 1.49839 0.621247 -0.284918 -0.304309 0.663529
8.42772 6.68128 -5.74782 1.49839 0.624065 -0.278691 -0.297659 0.666539
8.43723 6.70977 -5.74909 1.49839 0.62545 -0.275567 -0.294323 0.668019
8.45551 6.76457 -5.75099 1.49839 0.62682 -0.272437 -0.290979 0.669482
8.47279 6.81643 -5.75226 1.49839 0.628174 -0.269299 -0.287628 0.670928
8.48875 6.86432 -5.75296 1.49839 0.629513 -0.266155 -0.28427 0.672358
8.52042 6.95931 -5.75198 1.49839 0.632791 -0.258266 -0.275843 0.675859
8.53879 7.01441 -5.75113 1.49839 0.633435 -0.256683 -0.274153 0.676546
8.55629 7.06689 -5.74927 1.49839 0.63597 -0.250336 -0.267374 0.679254
8.57204 7.11406 -5.74713 1.49839 0.637213 -0.247153 -0.263974 0.680582
8.58725 7.15959 -5.74415 1.49839 0.639653 -0.240768 -0.257155 0.683188
8.61177 7.23272 -5.73604 1.49839 0.644908 -0.226316 -0.24172 0.688801
8.63817 7.31141 -5.72692 1.49839 0.645472 -0.224703 -0.239997 0.689403
8.64883 7.34307 -5.72244 1.49839 0.64823 -0.216618 -0.231361 0.692349
8.66792 7.39974 -5.71415 1.49839 0.648769 -0.214996 -0.229629 0.692925
8.68559 7.45204 -5.70541 1.49839 0.650887 -0.208498 -0.222689 0.695187
8.70267 7.50245 -5.69648 1.49839 0.651921 -0.205241 -0.21921 0.696291
8.71864 7.54958 -5.68764 1.49839 0.652939 -0.201979 -0.215726 0.697379
8.74907 7.63882 -5.66858 1.49839 0.655413 -0.193802 -0.206992 0.700021
8.7675 7.69273 -5.65622 1.49839 0.656848 -0.188881 -0.201736 0.701553
8.78458 7.74253 -5.64428 1.49839 0.657784 -0.185594 -0.198226 0.702553
8.7986 7.78332 -5.63385 1.49839 0.659158 -0.180656 -0.192951 0.70402
8.82008 7.84548 -5.61695 1.49839 0.660494 -0.175707 -0.187665 0.705448
8.83275 7.88206 -5.60662 1.49839 0.661364 -0.172402 -0.184136 0.706377
8.83839 7.89832 -5.60193 1.49839 0.663558 -0.171204 -0.181942 0.705178
8.85304 7.94056 -5.58977 1.49839 0.663558 -0.171204 -0.181942 0.705178
8.8665 7.97923 -5.57821 1.49839 0.664406 -0.167884 -0.178414 0.706079
8.87682 8.00882 -5.56905 1.49839 0.665237 -0.16456 -0.174881 0.706963
8.89191 8.05191 -5.55522 1.49839 0.666052 -0.161231 -0.171344 0.707828
8.90631 8.09298 -5.54182 1.49839 0.666453 -0.159566 -0.169574 0.708254
8.9341 8.17198 -5.51517 1.49839 0.667242 -0.156232 -0.166031 0.709093
8.94072 8.19074 -5.50863 1.49839 0.668015 -0.152893 -0.162483 0.709915
8.95534 8.23216 -5.49419 1.49839 0.668015 -0.152893 -0.162483 0.709915
8.97491 8.28743 -5.47431 1.49839 0.668771 -0.149551 -0.158932 0.710718
8.99133 8.33351 -5.45694 1.49839 0.669874 -0.144531 -0.153597 0.71189
9.00526 8.37245 -5.44182 1.49839 0.670588 -0.14118 -0.150035 0.712649
9.01927 8.41148 -5.42621 1.49839 0.671286 -0.137826 -0.14647 0.713391
9.05949 8.52259 -5.37918 1.49839 0.67263 -0.131106 -0.139329 0.71482
9.07797 8.57331 -5.35681 1.49839 0.673595 -0.126058 -0.133964 0.715844
9.09431 8.618 -5.33657 1.49839 0.674217 -0.122688 -0.130383 0.716505
9.10947 8.65911 -5.31719 1.49839 0.675118 -0.117628 -0.125006 0.717463
9.12585 8.70336 -5.2958 1.49839 0.675698 -0.114251 -0.121417 0.718079
9.14949 8.7664 -5.26334 1.49839 0.677073 -0.105796 -0.112432 0.719541
9.16739 8.81391 -5.23829 1.49839 0.677593 -0.102409 -0.108833 0.720094
9.18375 8.85695 -5.21475 1.49839 0.678342 -0.0973246 -0.103429 0.72089
9.19885 8.89649 -5.19261 1.49839 0.67882 -0.0939317 -0.0998234 0.721398
9.21278 8.93267 -5.17164 1.49839 0.679506 -0.088838 -0.0944101 0.722126
9.24178 9.00657 -5.12578 1.49839 0.680762 -0.0786358 -0.083568 0.723461
9.258 9.04752 -5.09951 1.49839 0.681333 -0.0735279 -0.0781398 0.724068
9.26962 9.07657 -5.08025 1.49839 0.681865 -0.0684159 -0.0727071 0.724633
9.28571 9.11666 -5.05339 1.49839 0.682034 -0.066711 -0.0708953 0.724813
9.30074 9.15375 -5.02771 1.49839 0.682515 -0.0615939 -0.0654572 0.725324
9.31438 9.18716 -5.00409 1.49839 0.682814 -0.0581806 -0.0618298 0.725642
9.34477 9.26054 -4.94998 1.49839 0.683362 -0.0513497 -0.0545704 0.726224
9.35579 9.28704 -4.93024 1.49839 0.683488 -0.0496411 -0.0527547 0.726358
9.37189 9.32551 -4.90097 1.49839 0.683728 -0.046223 -0.0491223 0.726613
9.3869 9.36106 -4.87335 1.49839 0.68395 -0.0428038 -0.0454886 0.72685
9.4156 9.42854 -4.81985 1.49839 0.684156 -0.0393836 -0.0418538 0.727068
9.42911 9.46014 -4.79454 1.49839 0.684252 -0.037673 -0.040036 0.72717
9.44467 9.49632 -4.76496 1.49839 0.684432 -0.0342513 -0.0363997 0.727361
9.45204 9.51328 -4.7508 1.49839 0.684595 -0.0308288 -0.0327624 0.727534
9.46983 9.55426 -4.71661 1.49839 0.684595 -0.0308288 -0.0327624 0.727534
9.48645 9.59221 -4.68429 1.49839 0.68474 -0.0274054 -0.0291244 0.727689
9.50186 9.62712 -4.65396 1.49839 0.684869 -0.0239814 -0.0254856 0.727826
9.51657 9.66043 -4.62501 1.49839 0.684869 -0.0239814 -0.0254856 0.727826
9.5475 9.73014 -4.56382 1.49839 0.684927 -0.0222691 -0.0236659 0.727887
9.56502 9.76949 -4.52893 1.49839 0.68498 -0.0205568 -0.0218461 0.727944
9.58138 9.80621 -4.49638 1.49839 0.68498 -0.0205568 -0.0218461 0.727944
9.59673 9.84051 -4.46565 1.49839 0.685029 -0.0188442 -0.0200262 0.727996
9.61156 9.87351 -4.4358 1.49839 0.685074 -0.0171316 -0.0182062 0.728044
9.64285 9.94216 -4.3718 1.49839 0.685184 -0.0119931 -0.0127454 0.72816
9.65028 9.95823 -4.35636 1.49839 0.685254 -0.00685395 -0.00728385 0.728235
9.65736 9.9735 -4.34154 1.49839 0.685269 -0.0051408 -0.00546324 0.728251
9.67114 10.003 -4.31263 1.49839 0.68528 -0.00342761 -0.0036426 0.728263
9.68918 10.0413 -4.27436 1.49839 0.685289 -1.18199e-06 -1.25613e-06 0.728272
9.70461 10.0735 -4.24115 1.49839 0.685269 0.00513843 0.00546073 0.728251
9.7206 10.1066 -4.20639 1.49839 0.685235 0.0085647 0.0091019 0.728215
9.75323 10.1722 -4.13378 1.49839 0.685074 0.0171292 0.0182036 0.728044
9.77216 10.2099 -4.09129 1.49839 0.68498 0.0205544 0.0218436 0.727944
9.78848 10.2418 -4.05418 1.49839 0.684807 0.0256911 0.0273025 0.72776
9.80293 10.2696 -4.02088 1.49839 0.684595 0.0308264 0.0327599 0.727534
9.80954 10.2822 -4.00554 1.49839 0.684432 0.034249 0.0363972 0.727362
9.83739 10.3344 -3.94034 1.49839 0.684252 0.0376707 0.0400335 0.727171
9.85165 10.3607 -3.90653 1.49839 0.683951 0.0428015 0.0454861 0.72685
9.85745 10.3711 -3.89265 1.49839 0.68361 0.0479298 0.0509361 0.726488
9.87016 10.3939 -3.86208 1.49839 0.683488 0.0496387 0.0527522 0.726359
9.87604 10.4043 -3.84784 1.49839 0.683232 0.0530555 0.0563833 0.726086
9.88919 10.4274 -3.81584 1.49839 0.683097 0.0547634 0.0581984 0.725943
9.90289 10.451 -3.78215 1.49839 0.682667 0.0598851 0.0636412 0.725486
9.92128 10.4824 -3.73679 1.49839 0.682515 0.0615916 0.0654547 0.725324
9.93782 10.5102 -3.69571 1.49839 0.682199 0.0650034 0.0690805 0.724988
9.95959 10.5465 -3.64145 1.49839 0.682034 0.0667086 0.0708928 0.724813
9.97546 10.5727 -3.60163 1.49839 0.681692 0.070118 0.074516 0.724449
9.99069 10.5971 -3.56305 1.49839 0.681147 0.0752286 0.0799472 0.72387
10.0072 10.6235 -3.52099 1.49839 0.680957 0.0769313 0.0817566 0.723668
10.0379 10.6712 -3.4424 1.49839 0.680361 0.0820362 0.0871818 0.723035
10.0507 10.6908 -3.40941 1.49839 0.679942 0.085437 0.0907958 0.72259
10.0661 10.7142 -3.36949 1.49839 0.679726 0.0871366 0.092602 0.72236
10.0816 10.7376 -3.32917 1.49839 0.679506 0.0888356 0.0944076 0.722127
10.0959 10.7589 -3.29199 1.49839 0.679282 0.0905341 0.0962126 0.721888
10.1251 10.802 -3.21588 1.49839 0.679053 0.092232 0.0980171 0.721646
10.1407 10.8249 -3.17495 1.49839 0.678821 0.0939294 0.0998209 0.721398
10.1478 10.8353 -3.15643 1.49839 0.678821 0.0939294 0.0998209 0.721398
10.162 10.856 -3.11901 1.49839 0.678584 0.0956261 0.101624 0.721146
10.1797 10.8816 -3.07268 1.49839 0.678584 0.0956261 0.101624 0.721146
10.1961 10.9055 -3.02953 1.49839 0.678584 0.0956261 0.101624 0.721146
10.2116 10.928 -2.98895 1.49839 0.678584 0.0956261 0.101624 0.721146
10.2427 10.9731 -2.90738 1.49839 0.678584 0.0956261 0.101624 0.721146
10.2631 11.0027 -2.85382 1.49839 0.678584 0.0956261 0.101624 0.721146
10.2794 11.0265 -2.81084 1.49839 0.678584 0.0956261 0.101624 0.721146
10.2948 11.0489 -2.77044 1.49839 0.678584 0.0956261 0.101624 0.721146
10.3255 11.0933 -2.69007 1.49839 0.678584 0.0956261 0.101624 0.721146
10.3374 11.1107 -2.65861 1.49839 0.678584 0.0956261 0.101624 0.721146
10.3531 11.1335 -2.61748 1.49839 0.678584 0.0956261 0.101624 0.721146
10.3684 11.1558 -2.57725 1.49839 0.678584 0.0956261 0.101624 0.721146
10.3882 11.1845 -2.52538 1.49839 0.678584 0.0956261 0.101624 0.721146
10.4023 11.205 -2.48825 1.49839 0.678584 0.0956261 0.101624 0.721146
10.409 11.2147 -2.47083 1.49839 0.678584 0.0956261 0.101624 0.721146
10.4267 11.2403 -2.42442 1.49839 0.678584 0.0956261 0.101624 0.721146
10.4425 11.2634 -2.38282 1.49839 0.678584 0.0956261 0.101624 0.721146
10.4575 11.2852 -2.34338 1.49839 0.678584 0.0956261 0.101624 0.721146
10.4857 11.326 -2.26951 1.49839 0.678584 0.0956261 0.101624 0.721146
10.4964 11.3417 -2.24124 1.49839 0.678584 0.0956261 0.101624 0.721146
10.5122 11.3645 -2.19997 1.49839 0.678584 0.0956261 0.101624 0.721146
10.5271 11.3862 -2.16075 1.49839 0.678584 0.0956261 0.101624 0.721146
10.5547 11.4263 -2.08837 1.49839 0.678584 0.0956261 0.101624 0.721146
10.5728 11.4525 -2.04094 1.49839 0.678584 0.0956261 0.101624 0.721146
10.5872 11.4736 -2.00288 1.49839 0.678584 0.0956261 0.101624 0.721146
10.602 11.495 -1.9642 1.49839 0.678584 0.0956261 0.101624 0.721146
10.6203 11.5215 -1.91627 1.49839 0.678584 0.0956261 0.101624 0.721146
10.6337 11.5411 -1.88092 1.49839 0.678584 0.0956261 0.101624 0.721146
10.6473 11.5608 -1.84529 1.49839 0.678584 0.0956261 0.101624 0.721146
10.6619 11.582 -1.80687 1.49839 0.678584 0.0956261 0.101624 0.721146
10.6881 11.62 -1.73825 1.49839 0.678584 0.0956261 0.101624 0.721146
10.7024 11.6409 -1.70056 1.49839 0.678584 0.0956261 0.101624 0.721146
10.7126 11.6555 -1.67384 1.49839 0.678343 0.0973223 0.103427 0.72089
10.7291 11.6793 -1.63035 1.49839 0.676538 0.0970634 0.10367 0.722584
10.7433 11.699 -1.59249 1.49839 0.673728 0.103546 0.111149 0.723197
10.774 11.7378 -1.5091 1.49839 0.669424 0.118359 0.127688 0.72219
10.7931 11.7609 -1.45664 1.49839 0.668207 0.125047 0.134903 0.720877
10.8112 11.7821 -1.40664 1.49839 0.667251 0.130055 0.140306 0.719845
10.8275 11.8 -1.36123 1.49839 0.665573 0.138385 0.149293 0.718035
10.8571 11.8292 -1.27737 1.49839 0.662672 0.151668 0.163623 0.714905
10.8724 11.8437 -1.23377 1.49839 0.661516 0.156634 0.16898 0.713658
10.8785 11.8493 -1.2164 1.49839 0.661123 0.158287 0.170764 0.713233
10.8922 11.8617 -1.17716 1.49839 0.660323 0.161591 0.174328 0.712371
10.9052 11.8727 -1.13976 1.49839 0.658674 0.168186 0.181443 0.710592
10.9115 11.8778 -1.12153 1.49839 0.657825 0.171477 0.184993 0.709676
10.9262 11.8897 -1.07888 1.49839 0.657394 0.173121 0.186767 0.709211
10.9398 11.8997 -1.0396 1.49839 0.65563 0.179686 0.193849 0.707308
10.9572 11.9119 -0.988732 1.49839 0.654264 0.184598 0.199149 0.705834
10.9738 11.923 -0.940203 1.49839 0.653333 0.187867 0.202675 0.70483
10.9942 11.9359 -0.88018 1.49839 0.651906 0.192762 0.207956 0.70329
11.0102 11.9449 -0.833273 1.49839 0.649945 0.199271 0.214978 0.701175
11.0262 11.9536 -0.785836 1.49839 0.648941 0.202519 0.218481 0.700091
11.0475 11.964 -0.723101 1.49839 0.647404 0.20738 0.223726 0.698433
11.0602 11.9701 -0.685481 1.49839 0.646883 0.208998 0.225471 0.697872
11.073 11.9759 -0.647455 1.49839 0.64583 0.21223 0.228958 0.696736
11.0896 11.9831 -0.598009 1.49839 0.645298 0.213843 0.230699 0.696161
11.1073 11.9903 -0.545557 1.49839 0.64422 0.217067 0.234177 0.694999
11.1279 11.998 -0.484135 1.49839 0.643127 0.220286 0.237649 0.693819
11.1428 12.0034 -0.439825 1.49839 0.644305 0.222491 0.238827 0.691614
11.1578 12.0083 -0.395016 1.49839 0.643185 0.225709 0.242282 0.690412
11.1819 12.0152 -0.323243 1.49839 0.641474 0.230527 0.247454 0.688575
11.2 12.0201 -0.269141 1.49839 0.640896 0.23213 0.249174 0.687954
11.2091 12.0222 -0.241889 1.49839 0.639136 0.23693 0.254327 0.686066
11.2253 12.0253 -0.193464 1.49839 0.637944 0.240123 0.257754 0.684786
11.2456 12.0284 -0.132514 1.49839 0.636125 0.2449 0.262882 0.682833
11.2624 12.0299 -0.0822063 1.49839 0.633644 0.251249 0.269698 0.680171
11.2769 12.0311 -0.0384545 1.49839 0.633014 0.252833 0.271397 0.679494
11.2924 12.0315 0.00791216 1.49839 0.6311 0.257573 0.276486 0.67744
11.3146 12.0319 0.0745397 1.49839 0.630454 0.25915 0.278178 0.676746
11.3324 12.0319 0.127887 1.49839 0.629804 0.260725 0.279869 0.676049
11.3485 12.0315 0.17607 1.49839 0.628493 0.263871 0.283246 0.674641
11.3641 12.0305 0.222848 1.49839 0.627166 0.26701 0.286616 0.673216
11.3776 12.0293 0.263567 1.49839 0.625823 0.270143 0.289978 0.671775
11.3985 12.0262 0.325985 1.49839 0.62309 0.276387 0.296681 0.668841
11.4115 12.0241 0.365024 1.49839 0.622397 0.277944 0.298353 0.668098
11.4261 12.0213 0.408709 1.49839 0.621 0.281053 0.301689 0.666598
11.4344 12.0195 0.433549 1.49839 0.620295 0.282604 0.303355 0.665841
11.4528 12.0154 0.488697 1.49839 0.619587 0.284154 0.305019 0.665081
11.472 12.0111 0.546022 1.49839 0.619587 0.284154 0.305019 0.665081
11.4879 12.0073 0.593614 1.49839 0.618874 0.285702 0.30668 0.664316
11.5029 12.0035 0.638332 1.49839 0.618158 0.287248 0.30834 0.663547
11.518 11.9995 0.683523 1.49839 0.617438 0.288793 0.309998 0.662775
11.5484 11.9904 0.774341 1.49839 0.615986 0.291876 0.313308 0.661216
11.5664 11.9848 0.828083 1.49839 0.615255 0.293416 0.31496 0.660431
11.5823 11.9793 0.875329 1.49839 0.61378 0.296488 0.318258 0.658848
11.5976 11.9739 0.920912 1.49839 0.613037 0.298022 0.319904 0.65805
11.6169 11.9666 0.978465 1.49839 0.61229 0.299553 0.321548 0.657248
11.6353 11.9595 1.03323 1.49839 0.611539 0.301083 0.323191 0.656442
11.6459 11.9549 1.06455 1.49839 0.609264 0.305661 0.328105 0.654
11.6519 11.9523 1.08229 1.49839 0.608498 0.307183 0.329739 0.653178
11.6729 11.9422 1.1446 1.49839 0.606954 0.310222 0.333 0.651521
11.6906 11.9333 1.19681 1.49839 0.605396 0.313253 0.336254 0.649848
11.7087 11.9233 1.2504 1.49839 0.603029 0.317784 0.341118 0.647308
11.7242 11.9143 1.29584 1.49839 0.601433 0.320796 0.344351 0.645594
11.7528 11.8961 1.37966 1.49839 0.598195 0.326794 0.350789 0.642118
11.7657 11.8876 1.41762 1.49839 0.597376 0.328288 0.352393 0.641239
11.7776 11.8797 1.45231 1.49839 0.596553 0.329781 0.353995 0.640356
11.7943 11.8683 1.50104 1.49839 0.595727 0.331271 0.355595 0.639469
11.8095 11.8577 1.54553 1.49839 0.594897 0.332759 0.357193 0.638578
11.8239 11.8472 1.58727 1.49839 0.593226 0.33573 0.360381 0.636784
11.8545 11.8232 1.67595 1.49839 0.589839 0.341645 0.366731 0.633149
11.869 11.8112 1.7179 1.49839 0.58726 0.346059 0.371469 0.63038
11.8828 11.799 1.75727 1.49839 0.58377 0.351914 0.377754 0.626634
11.8895 11.7927 1.7765 1.49839 0.581114 0.356283 0.382443 0.623784
11.9035 11.7795 1.81639 1.49839 0.580222 0.357734 0.384002 0.622826
11.9192 11.7643 1.86081 1.49839 0.578426 0.360631 0.387111 0.620898
11.935 11.7485 1.90566 1.49839 0.576616 0.363519 0.39021 0.618954
11.9572 11.726 1.96831 1.49839 0.575705 0.364959 0.391757 0.617977
11.9749 11.7076 2.01812 1.49839 0.573873 0.367833 0.394842 0.61601
11.9916 11.6894 2.06492 1.49839 0.571098 0.372127 0.39945 0.613032
12.0069 11.6725 2.10743 1.49839 0.56923 0.374977 0.402511 0.611027
12.0211 11.6561 2.14685 1.49839 0.566402 0.379236 0.407082 0.607991
12.0513 11.62 2.22988 1.49839 0.563542 0.383473 0.41163 0.604921
12.067 11.601 2.27315 1.49839 0.562581 0.384881 0.413141 0.60389
12.0748 11.5914 2.29427 1.49839 0.56065 0.387689 0.416156 0.601817
12.0931 11.5686 2.34416 1.49839 0.559679 0.389089 0.417659 0.600774
12.1101 11.5469 2.39032 1.49839 0.557727 0.391883 0.420658 0.598679
12.1262 11.5261 2.43397 1.49839 0.556745 0.393276 0.422153 0.597625
12.1418 11.5057 2.47619 1.49839 0.55576 0.394667 0.423646 0.596568
12.1573 11.4851 2.51772 1.49839 0.55378 0.397441 0.426623 0.594442
12.1855 11.4464 2.59315 1.49839 0.550784 0.401583 0.43107 0.591226
12.1994 11.4271 2.63015 1.49839 0.549778 0.402958 0.432546 0.590146
12.2057 11.4185 2.64671 1.49839 0.549778 0.402958 0.432546 0.590146
12.2193 11.3995 2.68284 1.49839 0.548769 0.404332 0.43402 0.589063
12.235 11.3772 2.72462 1.49839 0.547756 0.405702 0.435492 0.587976
12.253 11.3514 2.77199 1.49839 0.545721 0.408436 0.438426 0.585791
12.2726 11.3231 2.82331 1.49839 0.544698 0.409799 0.439889 0.584693
12.2896 11.2982 2.86778 1.49839 0.543672 0.411159 0.441349 0.583592
12.3059 11.2741 2.91045 1.49839 0.542642 0.412517 0.442807 0.582487
12.3217 11.2506 2.9515 1.49839 0.541609 0.413873 0.444262 0.581378
12.3372 11.2271 2.99165 1.49839 0.539533 0.416575 0.447163 0.579149
12.3522 11.204 3.03022 1.49839 0.537444 0.419268 0.450053 0.576906
12.3866 11.1492 3.11773 1.49839 0.533224 0.424621 0.4558 0.572377
12.4018 11.1245 3.1563 1.49839 0.531094 0.427282 0.458656 0.570091
12.4103 11.1106 3.17748 1.49839 0.528951 0.429932 0.461501 0.56779
12.4251 11.086 3.21462 1.49839 0.527875 0.431253 0.462919 0.566635
12.4407 11.0598 3.25337 1.49839 0.525712 0.433887 0.465746 0.564313
12.4563 11.033 3.29182 1.49839 0.522443 0.437818 0.469965 0.560804
12.4763 10.9976 3.34033 1.49839 0.518039 0.44302 0.47555 0.556077
12.4958 10.9627 3.38685 1.49839 0.514702 0.446893 0.479707 0.552494
12.5145 10.9282 3.43134 1.49839 0.511336 0.450741 0.483837 0.548881
12.5326 10.894 3.4736 1.49839 0.506803 0.455831 0.489302 0.544015
12.5514 10.8582 3.51698 1.49839 0.504517 0.45836 0.492015 0.541562
12.5693 10.8237 3.55808 1.49839 0.503565 0.462112 0.493563 0.537838
12.5869 10.7891 3.59795 1.49839 0.500085 0.465876 0.497583 0.534121
12.6043 10.7546 3.63731 1.49839 0.498919 0.467124 0.498917 0.532876
12.6405 10.6818 3.71783 1.49839 0.495402 0.470853 0.502899 0.529119
12.6646 10.6328 3.77101 1.49839 0.494356 0.474587 0.504354 0.525363
12.6863 10.5884 3.81872 1.49839 0.493168 0.475821 0.505666 0.524101
12.7071 10.5459 3.86443 1.49839 0.493168 0.475821 0.505666 0.524101
12.7278 10.5032 3.90937 1.49839 0.490783 0.478281 0.50828 0.521566
12.7478 10.4619 3.95287 1.49839 0.490783 0.478281 0.50828 0.521566
12.7681 10.4198 3.99679 1.49839 0.489586 0.479506 0.509582 0.520294
12.7874 10.3797 4.03857 1.49839 0.489586 0.479506 0.509582 0.520294
12.814 10.324 4.09599 1.49839 0.488385 0.480729 0.510881 0.519018
12.8329 10.2847 4.13663 1.49839 0.488385 0.480729 0.510881 0.519018
12.8685 10.2096 4.21255 1.49839 0.485976 0.483165 0.51347 0.516457
12.8895 10.1653 4.25741 1.49839 0.485976 0.483165 0.51347 0.516457
12.9095 10.1228 4.29992 1.49839 0.484766 0.484378 0.51476 0.515172
12.9287 10.0821 4.34069 1.49839 0.484766 0.484378 0.51476 0.515172
12.9478 10.0414 4.38109 1.49839 0.483554 0.485588 0.516046 0.513884
12.9658 10.0029 4.41885 1.49839 0.482338 0.486796 0.517329 0.512592
12.9964 9.93675 4.48254 1.49839 0.479898 0.489202 0.519885 0.509999
13.0164 9.89346 4.52378 1.49839 0.478674 0.4904 0.521159 0.508697
13.0344 9.85413 4.56088 1.49839 0.477446 0.491595 0.522429 0.507393
13.0514 9.81642 4.5954 1.49839 0.473746 0.495162 0.52622 0.503461
13.0672 9.78125 4.62727 1.49839 0.472507 0.496345 0.527477 0.502143
13.098 9.71194 4.68821 1.49839 0.468771 0.499874 0.531228 0.498173
13.1175 9.66777 4.72665 1.49839 0.46752 0.501045 0.532472 0.496844
13.1351 9.6279 4.76135 1.49839 0.46752 0.501045 0.532472 0.496844
13.1515 9.59087 4.79358 1.49839 0.46752 0.501045 0.532472 0.496844
13.1661 9.55777 4.82239 1.49839 0.46752 0.501045 0.532472 0.496844
13.1964 9.48927 4.88201 1.49839 0.46752 0.501045 0.532472 0.496844
13.2146 9.4482 4.91776 1.49839 0.46752 0.501045 0.532472 0.496844
13.2308 9.39958 4.91439 1.49839 0.46752 0.501045 0.532472 0.496844
13.2464 9.35301 4.91116 1.49839 0.46752 0.501045 0.532472 0.496844
13.2725 9.27478 4.90574 1.49839 0.46752 0.501045 0.532472 0.496844
13.2781 9.25815 4.90458 1.49839 0.46752 0.501045 0.532472 0.496844
13.2917 9.2173 4.90175 1.49839 0.46752 0.501045 0.532472 0.496844
13.3089 9.16578 4.89818 1.49839 0.46752 0.501045 0.532472 0.496844
13.325 9.11776 4.89485 1.49839 0.46752 0.501045 0.532472 0.496844
13.3393 9.07477 4.89187 1.49839 0.46752 0.501045 0.532472 0.496844
13.3541 9.03067 4.88882 1.49839 0.46752 0.501045 0.532472 0.496844
13.3768 8.9627 4.8841 1.49839 0.46752 0.501045 0.532472 0.496844
13.3946 8.90948 4.88042 1.49839 0.46752 0.501045 0.532472 0.496844
13.4105 8.86167 4.8771 1.49839 0.46752 0.501045 0.532472 0.496844
13.4256 8.81658 4.87398 1.49839 0.46752 0.501045 0.532472 0.496844
13.4454 8.7572 4.86986 1.49839 0.46752 0.501045 0.532472 0.496844
13.4602 8.71303 4.8668 1.49839 0.46752 0.501045 0.532472 0.496844
13.4782 8.65908 4.86306 1.49839 0.46752 0.501045 0.532472 0.496844
13.4927 8.61592 4.86007 1.49839 0.46752 0.501045 0.532472 0.496844
13.5082 8.56948 4.85685 1.49839 0.46752 0.501045 0.532472 0.496844
13.5302 8.50343 4.85227 1.49839 0.46752 0.501045 0.532472 0.496844
13.5462 8.45572 4.84897 1.49839 0.46752 0.501045 0.532472 0.496844
13.5614 8.41008 4.8458 1.49839 0.46752 0.501045 0.532472 0.496844
13.5755 8.36809 4.84289 1.49839 0.46752 0.501045 0.532472 0.496844
13.5969 8.3039 4.83844 1.49839 0.46752 0.501045 0.532472 0.496844
13.6128 8.25626 4.83514 1.49839 0.46752 0.501045 0.532472 0.496844
13.6303 8.20397 4.83152 1.49839 0.46752 0.501045 0.532472 0.496844
13.6449 8.16025 4.82849 1.49839 0.46752 0.501045 0.532472 0.496844
13.6648 8.10067 4.82436 1.49839 0.46752 0.501045 0.532472 0.496844
13.6781 8.06086 4.8216 1.49839 0.46752 0.501045 0.532472 0.496844
13.6983 8.00033 4.8174 1.49839 0.46752 0.501045 0.532472 0.496844
13.7129 7.95669 4.81438 1.49839 0.46752 0.501045 0.532472 0.496844
13.7301 7.90533 4.81082 1.49839 0.46752 0.501045 0.532472 0.496844
13.7491 7.8485 4.80688 1.49839 0.46752 0.501045 0.532472 0.496844
13.7617 7.81059 4.80425 1.49839 0.46752 0.501045 0.532472 0.496844
13.771 7.78298 4.80234 1.49839 0.46752 0.501045 0.532472 0.496844
13.7848 7.74148 4.79946 1.49839 0.46752 0.501045 0.532472 0.496844
13.7979 7.7023 4.79675 1.49839 0.46752 0.501045 0.532472 0.496844
13.8177 7.64318 4.79265 1.49839 0.46752 0.501045 0.532472 0.496844
13.8331 7.59697 4.78945 1.49839 0.46752 0.501045 0.532472 0.496844
13.8474 7.55426 4.78649 1.49839 0.46752 0.501045 0.532472 0.496844
13.8599 7.51687 4.7839 1.49839 0.46752 0.501045 0.532472 0.496844
13.881 7.45354 4.77951 1.49839 0.46752 0.501045 0.532472 0.496844
13.8932 7.41705 4.77698 1.49839 0.466276 0.499712 0.533723 0.498011
13.9052 7.38139 4.7745 1.49839 0.466276 0.499712 0.533723 0.498011
13.9198 7.34817 4.80342 1.49839 0.466276 0.499712 0.533723 0.498011
13.934 7.31618 4.83126 1.49839 0.466276 0.499712 0.533723 0.498011
13.9624 7.25204 4.88765 1.49839 0.467524 0.498545 0.532476 0.499344
13.9793 7.21348 4.92055 1.49839 0.463772 0.502037 0.536206 0.495336
13.9869 7.19585 4.93499 1.49839 0.458728 0.50665 0.541132 0.489949
14.0006 7.16363 4.96057 1.49839 0.454915 0.510076 0.544792 0.485877
14.0283 7.09807 5.01158 1.49839 0.452359 0.512344 0.547214 0.483147
14.0437 7.06132 5.03959 1.49839 0.449792 0.5146 0.549623 0.480405
14.0509 7.04424 5.05247 1.49839 0.447305 0.514344 0.55211 0.480149
14.0665 7.00645 5.08038 1.49839 0.444728 0.516574 0.554504 0.477383
14.0882 6.95367 5.11856 1.49839 0.442139 0.518791 0.556884 0.474604
14.1039 6.91532 5.14572 1.49839 0.43954 0.520995 0.55925 0.471814
14.119 6.87827 5.17168 1.49839 0.438236 0.522092 0.560428 0.470414
14.1335 6.84226 5.19638 1.49839 0.43562 0.524277 0.562773 0.467606
14.1692 6.75303 5.25563 1.49839 0.431676 0.527529 0.566264 0.463372
14.1867 6.70915 5.28446 1.49839 0.430356 0.528607 0.567421 0.461955
14.2027 6.66891 5.31032 1.49839 0.427707 0.530752 0.569723 0.459112
14.2178 6.63051 5.33446 1.49839 0.425048 0.532884 0.572012 0.456258
14.2454 6.55997 5.37782 1.49839 0.422378 0.535003 0.574286 0.453392
14.2512 6.54502 5.38691 1.49839 0.42104 0.536057 0.575418 0.451955
14.2643 6.51151 5.40705 1.49839 0.419698 0.537108 0.576546 0.450515
14.2747 6.48464 5.42302 1.49839 0.418354 0.538155 0.57767 0.449072
14.2906 6.44341 5.44724 1.49839 0.417007 0.539199 0.578791 0.447627
14.3057 6.40416 5.46978 1.49839 0.414306 0.541278 0.581022 0.444727
14.3188 6.37005 5.48891 1.49839 0.411595 0.543343 0.583238 0.441817
14.3509 6.28526 5.53481 1.49839 0.407508 0.546414 0.586535 0.43743
14.3702 6.23415 5.56183 1.49839 0.404771 0.548445 0.588715 0.434492
14.3876 6.18763 5.58612 1.49839 0.40448 0.550928 0.588424 0.432009
14.404 6.14408 5.60858 1.49839 0.403101 0.551937 0.589502 0.430536
14.4361 6.05777 5.65147 1.49839 0.39895 0.554945 0.592715 0.426103
14.4541 6.00918 5.67471 1.49839 0.394777 0.557922 0.595894 0.421646
14.4709 5.96348 5.69602 1.49839 0.391983 0.559888 0.597995 0.418661
14.4878 5.91736 5.71696 1.49839 0.389178 0.561841 0.60008 0.415666
14.5083 5.86059 5.74104 1.49839 0.382125 0.566662 0.605229 0.408133
14.516 5.83919 5.74974 1.49839 0.377864 0.569512 0.608273 0.403582
14.5322 5.79412 5.76807 1.49839 0.377864 0.569512 0.608273 0.403582
14.538 5.77792 5.77419 1.49839 0.370716 0.574191 0.61327 0.395947
14.5554 5.72873 5.79193 1.49839 0.366399 0.576955 0.616223 0.391337
14.5718 5.6823 5.80764 1.49839 0.360612 0.58059 0.620105 0.385155
14.5869 5.639 5.82157 1.49839 0.356247 0.583278 0.622976 0.380493
14.6188 5.54727 5.84806 1.49839 0.347458 0.588556 0.628613 0.371106
14.64 5.48581 5.86482 1.49839 0.343034 0.591146 0.631379 0.366381
14.6588 5.43115 5.87827 1.49839 0.335618 0.595387 0.635909 0.35846
14.6747 5.38458 5.88899 1.49839 0.332027 0.599482 0.637083 0.352852
14.6897 5.34053 5.89843 1.49839 0.327521 0.601955 0.639712 0.348064
14.7103 5.27994 5.91016 1.49839 0.321485 0.6052 0.64316 0.34165
14.7175 5.25872 5.91415 1.49839 0.319971 0.606002 0.644012 0.340041
14.7249 5.23688 5.91816 1.49839 0.318455 0.6068 0.644861 0.33843
14.7376 5.19937 5.92483 1.49839 0.316937 0.607595 0.645705 0.336816
14.7504 5.1615 5.93119 1.49839 0.313895 0.609172 0.647381 0.333584
14.7676 5.11042 5.93897 1.49839 0.309318 0.611509 0.649864 0.328719
14.7841 5.06156 5.94616 1.49839 0.307788 0.61228 0.650684 0.327093
14.8014 5.00995 5.9535 1.49839 0.306256 0.613048 0.6515 0.325465
14.8174 4.96261 5.96023 1.49839 0.306256 0.613048 0.6515 0.325465
14.8349 4.91047 5.96764 1.49839 0.306256 0.613048 0.6515 0.325465
14.8518 4.8605 5.97474 1.49839 0.306256 0.613048 0.6515 0.325465
14.8718 4.80089 5.98322 1.49839 0.306256 0.613048 0.6515 0.325465
14.8858 4.75939 5.9889 1.49839 0.304723 0.613811 0.652311 0.323836
14.9061 4.69906 5.99717 1.49839 0.304723 0.613811 0.652311 0.323836
14.9223 4.65072 6.0038 1.49839 0.304723 0.613811 0.652311 0.323836
14.9386 4.60243 6.01042 1.49839 0.304723 0.613811 0.652311 0.323836
14.9698 4.50976 6.02264 1.49839 0.303187 0.614571 0.653119 0.322204
14.9824 4.47224 6.0274 1.49839 0.30165 0.615328 0.653922 0.32057
14.9996 4.42086 6.03392 1.49839 0.30165 0.615328 0.653922 0.32057
15.0158 4.37257 6.03956 1.49839 0.298569 0.616828 0.655517 0.317296
15.0301 4.33013 6.04408 1.49839 0.295481 0.618313 0.657095 0.314015
15.0646 4.22689 6.053 1.49839 0.289284 0.621237 0.660203 0.307428
15.0797 4.18164 6.05646 1.49839 0.286174 0.622676 0.661732 0.304123
15.0997 4.12188 6.06042 1.49839 0.283057 0.624099 0.663244 0.300811
15.1186 4.06521 6.06332 1.49839 0.278368 0.626204 0.665481 0.295828
15.1373 4.00933 6.06563 1.49839 0.275234 0.627588 0.666952 0.292497
15.1534 3.96083 6.0669 1.49839 0.270519 0.629635 0.669127 0.287487
15.1864 3.86183 6.06751 1.49839 0.264209 0.632308 0.671968 0.280781
15.2028 3.8126 6.06782 1.49839 0.264209 0.632308 0.671968 0.280781
15.2236 3.75037 6.0682 1.49839 0.264209 0.632308 0.671968 0.280781
15.2426 3.69316 6.06856 1.49839 0.264209 0.632308 0.671968 0.280781
15.261 3.63814 6.0689 1.49839 0.264209 0.632308 0.671968 0.280781
15.2771 3.5899 6.0692 1.49839 0.264209 0.632308 0.671968 0.280781
15.3184 3.4658 6.06997 1.49839 0.264209 0.632308 0.671968 0.280781
15.3379 3.40738 6.07033 1.49839 0.264209 0.632308 0.671968 0.280781
15.356 3.3532 6.07067 1.49839 0.264209 0.632308 0.671968 0.280781
15.3724 3.30389 6.07097 1.49839 0.264209 0.632308 0.671968 0.280781
15.4051 3.20567 6.07158 1.49839 0.264209 0.632308 0.671968 0.280781
15.4229 3.15245 6.07191 1.49839 0.264209 0.632308 0.671968 0.280781
15.4394 3.10299 6.07222 1.49839 0.264209 0.632308 0.671968 0.280781
15.4543 3.05808 6.0725 1.49839 0.264209 0.632308 0.671968 0.280781
15.4777 2.98798 6.07293 1.49839 0.264209 0.632308 0.671968 0.280781
15.4859 2.96353 6.07308 1.49839 0.264209 0.632308 0.671968 0.280781
15.5 2.92113 6.07334 1.49839 0.264209 0.632308 0.671968 0.280781
15.5118 2.88563 6.07356 1.49839 0.264209 0.632308 0.671968 0.280781
15.5291 2.8337 6.07389 1.49839 0.264209 0.632308 0.671968 0.280781
15.5452 2.7854 6.07419 1.49839 0.264209 0.632308 0.671968 0.280781
15.5778 2.68772 6.07479 1.49839 0.264209 0.632308 0.671968 0.280781
15.5972 2.62952 6.07515 1.49839 0.264209 0.632308 0.671968 0.280781
15.6155 2.57451 6.07549 1.49839 0.264209 0.632308 0.671968 0.280781
15.6378 2.50765 6.07591 1.49839 0.264209 0.632308 0.671968 0.280781
15.6579 2.44756 6.07628 1.49839 0.264209 0.632308 0.671968 0.280781
15.6841 2.36874 6.07677 1.49839 0.264209 0.632308 0.671968 0.280781
15.698 2.32725 6.07723 1.49839 0.265789 0.631646 0.671264 0.28246
15.7209 2.25828 6.078 1.49839 0.265789 0.631646 0.671264 0.28246
15.7464 2.18192 6.07924 1.49839 0.267368 0.630979 0.670556 0.284138
15.7646 2.12721 6.0804 1.49839 0.268944 0.630309 0.669844 0.285813
15.7895 2.05258 6.08236 1.49839 0.270519 0.629635 0.669127 0.287487
15.8046 2.0074 6.08377 1.49839 0.272092 0.628956 0.668406 0.289159
15.8226 1.95354 6.08545 1.49839 0.272092 0.628956 0.668406 0.289159
15.8392 1.90352 6.08701 1.49839 0.272092 0.628956 0.668406 0.289159
15.8644 1.84823 6.03558 1.49839 0.273664 0.628274 0.667681 0.290829
15.8728 1.82974 6.01855 1.49839 0.275234 0.627588 0.666952 0.292497
15.8878 1.79647 5.98823 1.49839 0.276802 0.626898 0.666219 0.294164
15.9035 1.76111 5.95695 1.49839 0.281496 0.624804 0.663994 0.299152
15.9228 1.71719 5.91926 1.49839 0.286174 0.622676 0.661731 0.304124
15.9408 1.676 5.88462 1.49839 0.289284 0.621237 0.660203 0.307429
15.9577 1.63702 5.85218 1.49839 0.290836 0.620512 0.659432 0.309078
15.9734 1.60066 5.82222 1.49839 0.292386 0.619783 0.658657 0.310726
16.0045 1.52789 5.76347 1.49839 0.294696 0.616668 0.658639 0.314753
16.0191 1.49377 5.7362 1.49839 0.296237 0.61593 0.65785 0.316399
16.0279 1.47302 5.71979 1.49839 0.297775 0.615187 0.657057 0.318042
16.0427 1.43805 5.69241 1.49839 0.299313 0.614441 0.65626 0.319684
16.0617 1.39311 5.65759 1.49839 0.300848 0.61369 0.655458 0.321324
16.0802 1.34886 5.62401 1.49839 0.303912 0.612179 0.653844 0.324597
16.0972 1.30789 5.59355 1.49839 0.306969 0.610651 0.652213 0.327862
16.1282 1.23139 5.54074 1.49839 0.317608 0.605186 0.646375 0.339225
16.1374 1.20832 5.52582 1.49839 0.32665 0.600354 0.641214 0.348882
16.1513 1.17282 5.5036 1.49839 0.331144 0.597887 0.63858 0.353681
16.1709 1.12233 5.47339 1.49839 0.337106 0.594546 0.635011 0.360049
16.1871 1.0801 5.44926 1.49839 0.343034 0.591145 0.631379 0.366381
16.2031 1.03832 5.42593 1.49839 0.345061 0.587847 0.631011 0.370397
16.2197 0.99443 5.40229 1.49839 0.34946 0.585243 0.628215 0.37512
16.24 0.93969 5.37556 1.49839 0.361094 0.578137 0.620587 0.387608
16.2561 0.896415 5.35443 1.49839 0.361094 0.578137 0.620587 0.387608
16.2714 0.854569 5.33502 1.49839 0.366857 0.574497 0.61668 0.393794
16.2861 0.814209 5.31728 1.49839 0.372584 0.5708 0.612712 0.399941
16.3071 0.756067 5.29344 1.49839 0.379689 0.566098 0.607665 0.407569
16.3199 0.720291 5.27918 1.49839 0.382515 0.564193 0.605619 0.410602
16.3392 0.666437 5.25834 1.49839 0.385331 0.562273 0.603559 0.413625
16.3539 0.62474 5.24386 1.49839 0.395112 0.555444 0.596228 0.424123
16.3685 0.58555 5.26358 1.49839 0.399266 0.552465 0.593031 0.428583
16.3899 0.528632 5.29294 1.49839 0.402024 0.550462 0.59088 0.431543
16.4055 0.486966 5.3147 1.49839 0.403399 0.549455 0.5898 0.433019
16.4131 0.46677 5.32537 1.49839 0.404771 0.548445 0.588715 0.434492
16.4271 0.429693 5.34497 1.49839 0.404771 0.548445 0.588715 0.434492
16.4538 0.359225 5.38312 1.49839 0.407508 0.546414 0.586535 0.43743
16.4596 0.344123 5.39139 1.49839 0.408873 0.545394 0.58544 0.438895
16.4725 0.310203 5.4102 1.49839 0.410235 0.54437 0.584341 0.440357
16.4918 0.259618 5.43857 1.49839 0.411595 0.543343 0.583238 0.441817
16.5071 0.21989 5.46138 1.49839 0.414306 0.541278 0.581022 0.444727
16.5241 0.175673 5.48736 1.49839 0.417007 0.539199 0.578791 0.447627
16.5544 0.0984268 5.53485 1.49839 0.422379 0.535002 0.574286 0.453392
16.5646 0.0724793 5.55098 1.49839 0.423715 0.533945 0.573151 0.454827
16.5801 0.0330985 5.57546 1.49839 0.423715 0.533945 0.573151 0.454827
16.5946 -0.00376761 5.59863 1.49839 0.425048 0.532884 0.572012 0.456258
16.6242 -0.0784762 5.64665 1.49839 0.427707 0.530752 0.569723 0.459112
16.6458 -0.132945 5.68204 1.49839 0.429033 0.529681 0.568574 0.460535
16.6619 -0.173398 5.70832 1.49839 0.429033 0.529681 0.568574 0.460535
16.6799 -0.218631 5.73771 1.49839 0.429033 0.529681 0.568574 0.460535
16.6967 -0.261013 5.76525 1.49839 0.429033 0.529681 0.568574 0.460535
16.7129 -0.301532 5.79187 1.49839 0.430356 0.528607 0.567421 0.461955
16.7425 -0.375561 5.84103 1.49839 0.431676 0.527529 0.566264 0.463372
16.7544 -0.405071 5.86084 1.49839 0.432993 0.526448 0.565104 0.464787
16.7715 -0.447842 5.88955 1.49839 0.432993 0.526448 0.565104 0.464787
16.7873 -0.487088 5.91589 1.49839 0.432993 0.526448 0.565104 0.464787
16.8179 -0.577153 5.89818 1.49839 0.432993 0.526448 0.565104 0.464787
16.8248 -0.597627 5.89426 1.49839 0.434308 0.525364 0.56394 0.466198
16.8386 -0.638097 5.88651 1.49839 0.434308 0.525364 0.56394 0.466198
16.8569 -0.692238 5.87614 1.49839 0.434308 0.525364 0.56394 0.466198
16.874 -0.742531 5.86651 1.49839 0.434308 0.525364 0.56394 0.466198
16.8895 -0.788275 5.85775 1.49839 0.434308 0.525364 0.56394 0.466198
16.9217 -0.882915 5.83963 1.49839 0.434308 0.525364 0.56394 0.466198
16.9395 -0.935472 5.82984 1.49839 0.43562 0.524277 0.562773 0.467606
16.9562 -0.984718 5.82066 1.49839 0.43562 0.524277 0.562773 0.467606
16.9722 -1.03186 5.81188 1.49839 0.43562 0.524277 0.562773 0.467606
16.9863 -1.07348 5.80412 1.49839 0.43562 0.524277 0.562773 0.467606
17.0081 -1.13782 5.79214 1.49839 0.43562 0.524277 0.562773 0.467606
17.0214 -1.17718 5.7848 1.49839 0.43562 0.524277 0.562773 0.467606
17.0363 -1.22106 5.77663 1.49839 0.43562 0.524277 0.562773 0.467606
17.043 -1.24072 5.77296 1.49839 0.43562 0.524277 0.562773 0.467606
17.0598 -1.29015 5.76376 1.49839 0.43562 0.524277 0.562773 0.467606
17.0759 -1.33764 5.75491 1.49839 0.43562 0.524277 0.562773 0.467606
17.0894 -1.37763 5.74746 1.49839 0.43562 0.524277 0.562773 0.467606
17.1092 -1.43586 5.73661 1.49839 0.43562 0.524277 0.562773 0.467606
17.1242 -1.48036 5.72832 1.49839 0.43562 0.524277 0.562773 0.467606
17.1387 -1.52292 5.72039 1.49839 0.43562 0.524277 0.562773 0.467606
17.1519 -1.56184 5.71314 1.49839 0.43562 0.524277 0.562773 0.467606
17.169 -1.61223 5.70375 1.49839 0.43562 0.524277 0.562773 0.467606
17.1738 -1.62656 5.70108 1.49839 0.43562 0.524277 0.562773 0.467606
17.1859 -1.66234 5.69441 1.49839 0.43562 0.524277 0.562773 0.467606
17.2016 -1.7084 5.68583 1.49839 0.43562 0.524277 0.562773 0.467606
17.222 -1.76857 5.67462 1.49839 0.43562 0.524277 0.562773 0.467606
17.2373 -1.81387 5.66618 1.49839 0.43562 0.524277 0.562773 0.467606
17.2577 -1.87393 5.65499 1.49839 0.43562 0.524277 0.562773 0.467606
17.2731 -1.91935 5.64653 1.49839 0.43562 0.524277 0.562773 0.467606
17.2872 -1.96101 5.63877 1.49839 0.43562 0.524277 0.562773 0.467606
17.3074 -2.02052 5.62768 1.49839 0.43562 0.524277 0.562773 0.467606
17.3198 -2.05716 5.62085 1.49839 0.43562 0.524277 0.562773 0.467606
17.3356 -2.10386 5.61215 1.49839 0.43562 0.524277 0.562773 0.467606
17.3552 -2.16158 5.6014 1.49839 0.43562 0.524277 0.562773 0.467606
17.3707 -2.20721 5.5929 1.49839 0.43562 0.524277 0.562773 0.467606
17.3862 -2.25285 5.5844 1.49839 0.43562 0.524277 0.562773 0.467606
17.409 -2.32016 5.57185 1.49839 0.43562 0.524277 0.562773 0.467606
17.4216 -2.35747 5.5649 1.49839 0.43562 0.524277 0.562773 0.467606
17.4361 -2.40016 5.55695 1.49839 0.43562 0.524277 0.562773 0.467606
17.4566 -2.46044 5.54572 1.49839 0.43562 0.524277 0.562773 0.467606
17.4712 -2.50364 5.53767 1.49839 0.43562 0.524277 0.562773 0.467606
17.4876 -2.55199 5.52866 1.49839 0.43562 0.524277 0.562773 0.467606
17.5095 -2.61661 5.51662 1.49839 0.43562 0.524277 0.562773 0.467606
17.5252 -2.66293 5.50799 1.49839 0.43562 0.524277 0.562773 0.467606
17.5392 -2.70413 5.50032 1.49839 0.43562 0.524277 0.562773 0.467606
17.553 -2.74485 5.49273 1.49839 0.43562 0.524277 0.562773 0.467606
17.5855 -2.84079 5.47486 1.49839 0.43562 0.524277 0.562773 0.467606
17.5945 -2.86722 5.46993 1.49839 0.43562 0.524277 0.562773 0.467606
17.6085 -2.90842 5.46226 1.49839 0.43562 0.524277 0.562773 0.467606
17.6226 -2.95002 5.4545 1.49839 0.43562 0.524277 0.562773 0.467606
17.6375 -2.99409 5.44629 1.49839 0.43562 0.524277 0.562773 0.467606
17.6705 -3.09156 5.42813 1.49839 0.43562 0.524277 0.562773 0.467606
17.681 -3.12226 5.42241 1.49839 0.43562 0.524277 0.562773 0.467606
17.6962 -3.16727 5.41403 1.49839 0.43562 0.524277 0.562773 0.467606
17.7119 -3.21359 5.4054 1.49839 0.43562 0.524277 0.562773 0.467606
17.739 -3.29354 5.3905 1.49839 0.43562 0.524277 0.562773 0.467606
17.7562 -3.34429 5.38105 1.49839 0.43562 0.524277 0.562773 0.467606
17.7711 -3.38823 5.37286 1.49839 0.43562 0.524277 0.562773 0.467606
17.7767 -3.4045 5.36983 1.49839 0.43562 0.524277 0.562773 0.467606
17.8035 -3.48374 5.35507 1.49839 0.43562 0.524277 0.562773 0.467606
17.8125 -3.51028 5.35012 1.49839 0.43562 0.524277 0.562773 0.467606
17.8266 -3.55182 5.34238 1.49839 0.43562 0.524277 0.562773 0.467606
17.8392 -3.58895 5.33546 1.49839 0.43562 0.524277 0.562773 0.467606
17.8714 -3.68378 5.3178 1.49839 0.43562 0.524277 0.562773 0.467606
17.8809 -3.71204 5.31253 1.49839 0.43562 0.524277 0.562773 0.467606
17.8951 -3.75395 5.30472 1.49839 0.43562 0.524277 0.562773 0.467606
17.9081 -3.79215 5.29761 1.49839 0.43562 0.524277 0.562773 0.467606
17.9387 -3.88249 5.28078 1.49839 0.43562 0.524277 0.562773 0.467606
17.9477 -3.90905 5.27583 1.49839 0.43562 0.524277 0.562773 0.467606
17.9622 -3.95171 5.26788 1.49839 0.43562 0.524277 0.562773 0.467606
17.9752 -3.98996 5.26075 1.49839 0.43562 0.524277 0.562773 0.467606
17.9967 -4.05359 5.2489 1.49839 0.43562 0.524277 0.562773 0.467606
18.0094 -4.09087 5.24195 1.49839 0.43562 0.524277 0.562773 0.467606
18.0281 -4.14603 5.23168 1.49839 0.43562 0.524277 0.562773 0.467606
18.043 -4.19004 5.22348 1.49839 0.43562 0.524277 0.562773 0.467606
18.0576 -4.23303 5.21547 1.49839 0.43562 0.524277 0.562773 0.467606
18.0911 -4.33181 5.19706 1.49839 0.43562 0.524277 0.562773 0.467606
18.1013 -4.36196 5.19144 1.49839 0.43562 0.524277 0.562773 0.467606
18.1162 -4.40598 5.18324 1.49839 0.43562 0.524277 0.562773 0.467606
18.1299 -4.44622 5.17575 1.49839 0.43562 0.524277 0.562773 0.467606
18.158 -4.52927 5.16027 1.49839 0.43562 0.524277 0.562773 0.467606
18.1681 -4.55894 5.15475 1.49839 0.43562 0.524277 0.562773 0.467606
18.1825 -4.60157 5.1468 1.49839 0.43562 0.524277 0.562773 0.467606
18.1963 -4.6421 5.13925 1.49839 0.43562 0.524277 0.562773 0.467606
18.2091 -4.6798 5.13223 1.49839 0.43562 0.524277 0.562773 0.467606
18.2295 -4.73991 5.12103 1.49839 0.43562 0.524277 0.562773 0.467606
18.2453 -4.7865 5.11235 1.49839 0.43562 0.524277 0.562773 0.467606
18.2596 -4.82893 5.10444 1.49839 0.43562 0.524277 0.562773 0.467606
18.2759 -4.87698 5.09549 1.49839 0.43562 0.524277 0.562773 0.467606
18.2985 -4.94345 5.08311 1.49839 0.43562 0.524277 0.562773 0.467606
18.3145 -4.99081 5.07428 1.49839 0.43562 0.524277 0.562773 0.467606
18.3291 -5.03376 5.06628 1.49839 0.43562 0.524277 0.562773 0.467606
18.342 -5.07188 5.05918 1.49839 0.43562 0.524277 0.562773 0.467606
18.3633 -5.13456 5.0475 1.49839 0.43562 0.524277 0.562773 0.467606
18.3793 -5.18176 5.03871 1.49839 0.43562 0.524277 0.562773 0.467606
18.3937 -5.22427 5.03079 1.49839 0.43562 0.524277 0.562773 0.467606
18.4079 -5.26626 5.02296 1.49839 0.43562 0.524277 0.562773 0.467606
18.432 -5.33723 5.00974 1.49839 0.43562 0.524277 0.562773 0.467606
18.4476 -5.38318 5.00118 1.49839 0.43562 0.524277 0.562773 0.467606
18.4619 -5.42531 4.99333 1.49839 0.43562 0.524277 0.562773 0.467606
18.4763 -5.4678 4.98542 1.49839 0.43562 0.524277 0.562773 0.467606
18.4899 -5.508 4.97772 1.49839 0.434308 0.525364 0.56394 0.466198
18.5028 -5.54588 4.97047 1.49839 0.434308 0.525364 0.56394 0.466198
18.5209 -5.59925 4.96024 1.49839 0.434308 0.525364 0.56394 0.466198
18.5353 -5.64181 4.95187 1.49839 0.432993 0.526448 0.565104 0.464787
18.5512 -5.6884 4.94271 1.49839 0.432993 0.526448 0.565104 0.464787
18.5808 -5.76228 4.99231 1.49839 0.432993 0.526448 0.565104 0.464787
18.5898 -5.78468 5.00734 1.49839 0.432993 0.526448 0.565104 0.464787
18.604 -5.8202 5.03094 1.49839 0.431676 0.527529 0.566264 0.463372
18.6173 -5.85337 5.05296 1.49839 0.431676 0.527529 0.566264 0.463372
18.6696 -5.98455 5.13913 1.49839 0.430356 0.528607 0.567421 0.461955
18.6786 -6.0072 5.15369 1.49839 0.427707 0.530752 0.569723 0.459112
18.6927 -6.04295 5.17666 1.49839 0.427707 0.530752 0.569723 0.459112
18.7053 -6.07482 5.1967 1.49839 0.425048 0.532884 0.572012 0.456258
18.7229 -6.11976 5.22463 1.49839 0.423715 0.533945 0.573151 0.454827
18.7358 -6.15289 5.24455 1.49839 0.419698 0.537108 0.576546 0.450515
18.744 -6.17399 5.25723 1.49839 0.419698 0.537108 0.576546 0.450515
18.7552 -6.20285 5.27438 1.49839 0.418354 0.538155 0.57767 0.449072
18.7718 -6.24607 5.2992 1.49839 0.414306 0.541278 0.581022 0.444727
18.7927 -6.30042 5.33004 1.49839 0.412952 0.542312 0.582132 0.443273
18.8083 -6.34137 5.35301 1.49839 0.411595 0.543343 0.583238 0.441817
18.8238 -6.38204 5.37556 1.49839 0.410235 0.54437 0.584341 0.440357
18.8553 -6.46532 5.42011 1.49839 0.406141 0.547431 0.587627 0.435962
18.8659 -6.4934 5.43495 1.49839 0.404771 0.548445 0.588715 0.434492
18.8818 -6.53575 5.45679 1.49839 0.402024 0.550462 0.59088 0.431543
18.8966 -6.57549 5.47654 1.49839 0.397884 0.553461 0.5941 0.427099
18.9218 -6.64393 5.50886 1.49839 0.393381 0.558907 0.596946 0.420155
18.9275 -6.65939 5.51597 1.49839 0.390582 0.560867 0.599039 0.417165
18.941 -6.69634 5.53297 1.49839 0.390582 0.560867 0.599039 0.417165
18.959 -6.74553 5.55501 1.49839 0.387773 0.562813 0.601118 0.414164
18.975 -6.78963 5.57372 1.49839 0.382125 0.566662 0.605229 0.408133
18.9911 -6.83456 5.59199 1.49839 0.377864 0.569512 0.608273 0.403582
19.0078 -6.88131 5.60938 1.49839 0.370264 0.576649 0.612818 0.393488
19.0401 -6.97295 5.64089 1.49839 0.363028 0.581233 0.617689 0.385798
19.0509 -7.00375 5.65148 1.49839 0.363028 0.581233 0.617689 0.385798
19.0666 -7.0485 5.66637 1.49839 0.360117 0.58304 0.61961 0.382704
19.0815 -7.09101 5.68005 1.49839 0.357197 0.584834 0.621516 0.379602
19.108 -7.16686 5.7032 1.49839 0.352801 0.587496 0.624346 0.37493
19.1132 -7.1819 5.70754 1.49839 0.348385 0.590126 0.62714 0.370236
19.1254 -7.21729 5.71776 1.49839 0.348385 0.590126 0.62714 0.370236
19.1407 -7.26125 5.73022 1.49839 0.346908 0.590995 0.628064 0.368667
19.158 -7.31132 5.74387 1.49839 0.343949 0.592722 0.629899 0.365522
19.1749 -7.3604 5.75673 1.49839 0.340981 0.594434 0.631719 0.362368
19.1969 -7.42447 5.77317 1.49839 0.339494 0.595285 0.632623 0.360788
19.2113 -7.46635 5.78348 1.49839 0.336513 0.596975 0.634419 0.35762
19.2188 -7.48802 5.78869 1.49839 0.33502 0.597815 0.635311 0.356033
19.2339 -7.53228 5.79864 1.49839 0.330527 0.60031 0.637963 0.351258
19.2626 -7.61671 5.81587 1.49839 0.324507 0.603585 0.641444 0.344861
19.281 -7.67107 5.82611 1.49839 0.319971 0.606002 0.644012 0.340041
19.2963 -7.71637 5.8337 1.49839 0.313895 0.609172 0.647381 0.333584
19.312 -7.76271 5.84076 1.49839 0.309318 0.611509 0.649864 0.328719
19.3325 -7.82373 5.84882 1.49839 0.302381 0.612937 0.654653 0.322961
19.3451 -7.86138 5.85379 1.49839 0.302381 0.612937 0.654653 0.322961
19.3563 -7.89456 5.85799 1.49839 0.300848 0.613691 0.655459 0.321323
19.3722 -7.942 5.86353 1.49839 0.297775 0.615187 0.657057 0.318042
19.3869 -7.98577 5.86798 1.49839 0.293153 0.617403 0.659424 0.313105
19.415 -8.06968 5.87565 1.49839 0.290062 0.618861 0.660981 0.309804
19.4285 -8.11026 5.87895 1.49839 0.286965 0.620304 0.662522 0.306495
19.4384 -8.13989 5.88107 1.49839 0.283859 0.621731 0.664046 0.303179
19.4538 -8.18585 5.88388 1.49839 0.280747 0.623142 0.665554 0.299855
19.4682 -8.22894 5.88609 1.49839 0.277628 0.624538 0.667045 0.296523
19.4981 -8.31855 5.89068 1.49839 0.277628 0.624538 0.667045 0.296523
19.5156 -8.37118 5.89285 1.49839 0.274502 0.625919 0.668519 0.293185
19.5327 -8.42234 5.8947 1.49839 0.272936 0.626603 0.66925 0.291512
19.5461 -8.46243 5.89576 1.49839 0.2698 0.62796 0.670699 0.288162
19.5674 -8.52648 5.89711 1.49839 0.268229 0.628632 0.671417 0.286485
19.5792 -8.56178 5.89769 1.49839 0.266657 0.629301 0.672131 0.284805
19.5887 -8.59038 5.89801 1.49839 0.265082 0.629966 0.672841 0.283124
19.6038 -8.63572 5.89851 1.49839 0.264374 0.628282 0.674414 0.283786
19.6181 -8.6785 5.89878 1.49839 0.262802 0.628941 0.675121 0.282099
19.6517 -8.77926 5.8984 1.49839 0.259654 0.630247 0.676524 0.27872
19.6696 -8.83311 5.89765 1.49839 0.2565 0.631537 0.677909 0.275334
19.6863 -8.88298 5.89647 1.49839 0.253339 0.632812 0.679277 0.271941
19.7021 -8.93058 5.89462 1.49839 0.248586 0.634694 0.681297 0.266838
19.7315 -9.01854 5.88944 1.49839 0.242226 0.637148 0.683932 0.260012
19.7487 -9.06986 5.8859 1.49839 0.239038 0.638351 0.685223 0.256589
19.7595 -9.10215 5.88335 1.49839 0.235843 0.639538 0.686497 0.25316
19.7753 -9.14944 5.87914 1.49839 0.232642 0.64071 0.687755 0.249724
19.7916 -9.19813 5.87382 1.49839 0.226224 0.643004 0.690217 0.242835
19.82 -9.28268 5.86244 1.49839 0.217583 0.644046 0.694811 0.234733
19.8332 -9.32169 5.85679 1.49839 0.21436 0.645126 0.695976 0.231256
19.8524 -9.37858 5.84827 1.49839 0.212746 0.64566 0.696552 0.229515
19.8685 -9.42628 5.84087 1.49839 0.211131 0.64619 0.697124 0.227773
19.8838 -9.47183 5.83358 1.49839 0.209515 0.646716 0.697691 0.226029
19.8907 -9.49227 5.83009 1.49839 0.206279 0.647755 0.698812 0.222538
19.9186 -9.5746 5.81521 1.49839 0.203038 0.648779 0.699916 0.219041
19.9362 -9.62651 5.80529 1.49839 0.199791 0.649786 0.701003 0.215539
19.952 -9.67281 5.79621 1.49839 0.198166 0.650283 0.70154 0.213786
19.9671 -9.71735 5.787 1.49839 0.194912 0.651266 0.7026 0.210275
19.9825 -9.76225 5.77702 1.49839 0.190022 0.652709 0.704157 0.205
20.0057 -9.82991 5.76019 1.49839 0.181358 0.653265 0.7083 0.196636
20.0125 -9.84976 5.75493 1.49839 0.176453 0.654607 0.709755 0.191318
20.0204 -9.87244 5.74868 1.49839 0.173178 0.655481 0.710702 0.187767
20.0331 -9.90922 5.73835 1.49839 0.171539 0.655912 0.71117 0.18599
20.0483 -9.95301 5.72558 1.49839 0.168257 0.656761 0.712091 0.182432
20.0597 -9.98572 5.71586 1.49839 0.166614 0.65718 0.712545 0.180651
20.0771 -10.0355 5.70024 1.49839 0.161681 0.658411 0.713879 0.175302
20.0929 -10.0806 5.68588 1.49839 0.160034 0.658813 0.714315 0.173517
20.1077 -10.1227 5.67196 1.49839 0.156738 0.659605 0.715174 0.169943
20.1399 -10.2141 5.64028 1.49839 0.151787 0.660762 0.716428 0.164574
20.158 -10.2653 5.62194 1.49839 0.148481 0.661513 0.717242 0.16099
20.1746 -10.3119 5.60473 1.49839 0.145172 0.662247 0.718038 0.157402
20.1904 -10.3562 5.58788 1.49839 0.141859 0.662964 0.718816 0.15381
20.2048 -10.3966 5.57226 1.49839 0.140201 0.663317 0.719199 0.152012
20.2256 -10.4544 5.54892 1.49839 0.135222 0.66435 0.720319 0.146614
20.2385 -10.4901 5.53429 1.49839 0.133561 0.664686 0.720683 0.144813
20.2554 -10.5372 5.51499 1.49839 0.133561 0.664686 0.720683 0.144813
20.2709 -10.5799 5.49724 1.49839 0.131541 0.663213 0.722703 0.14334
20.2852 -10.6196 5.48052 1.49839 0.129882 0.66354 0.723059 0.141532
20.3046 -10.6732 5.45795 1.49839 0.129882 0.66354 0.723059 0.141532
20.3178 -10.7096 5.44258 1.49839 0.129882 0.66354 0.723059 0.141532
20.3235 -10.7255 5.43579 1.49839 0.128223 0.663862 0.723411 0.139724
20.3364 -10.761 5.42045 1.49839 0.126563 0.664181 0.723758 0.137915
20.3527 -10.8056 5.40057 1.49839 0.12324 0.664805 0.724438 0.134295
20.3705 -10.8544 5.37858 1.49839 0.121578 0.665111 0.724772 0.132483
20.3867 -10.8985 5.35841 1.49839 0.119915 0.665413 0.725101 0.130671
20.4032 -10.9434 5.33759 1.49839 0.118251 0.665711 0.725425 0.128858
20.4207 -10.9908 5.31479 1.49839 0.113254 0.666579 0.726371 0.123413
20.4374 -11.0356 5.29262 1.49839 0.10992 0.667137 0.726979 0.11978
20.4586 -11.0924 5.26385 1.49839 0.106583 0.667678 0.727569 0.116144
20.4754 -11.137 5.24071 1.49839 0.103243 0.668203 0.72814 0.112504
20.4914 -11.1794 5.21816 1.49839 0.0999012 0.668711 0.728694 0.108862
20.5065 -11.2192 5.19648 1.49839 0.0965564 0.669202 0.729229 0.105217
20.5389 -11.304 5.14866 1.49839 0.0915347 0.669907 0.729998 0.0997453
20.551 -11.3355 5.13046 1.49839 0.0884239 0.672181 0.728809 0.0958733
20.5692 -11.3825 5.10268 1.49839 0.085062 0.672614 0.729279 0.0922281
20.5857 -11.4248 5.07708 1.49839 0.0816978 0.673031 0.729731 0.0885805
20.6014 -11.4646 5.05192 1.49839 0.0749636 0.673815 0.730581 0.0812789
20.6347 -11.5477 4.99643 1.49839 0.0665352 0.674699 0.73154 0.0721405
20.6544 -11.5964 4.96286 1.49839 0.0614731 0.675179 0.73206 0.066652
20.6718 -11.6387 4.9327 1.49839 0.0564075 0.675621 0.732539 0.0611596
20.6872 -11.6761 4.90555 1.49839 0.0530287 0.675895 0.732836 0.0574962
20.7022 -11.7121 4.87846 1.49839 0.0479581 0.676273 0.733247 0.0519983
20.7233 -11.7623 4.83966 1.49839 0.0428847 0.676614 0.733616 0.0464975
20.7347 -11.7892 4.81856 1.49839 0.041193 0.676719 0.73373 0.0446633
20.7439 -11.8107 4.80161 1.49839 0.039501 0.67682 0.733839 0.0428288
20.7583 -11.8446 4.77453 1.49839 0.0378088 0.676917 0.733944 0.040994
20.7713 -11.8748 4.74994 1.49839 0.0344238 0.677097 0.73414 0.0373238
20.7907 -11.9191 4.71232 1.49839 0.0276512 0.677408 0.734476 0.0299807
20.8031 -11.9474 4.68781 1.49839 0.0242638 0.677537 0.734617 0.0263079
20.8084 -11.9591 4.67714 1.49839 0.0158357 0.679623 0.733192 0.0170838
20.8217 -11.9884 4.65018 1.49839 0.0141365 0.67966 0.733232 0.0152508
20.8392 -12.0268 4.61453 1.49839 0.0124373 0.679694 0.733268 0.0134176
20.855 -12.0613 4.58176 1.49839 0.00903867 0.679747 0.733326 0.00975111
20.8696 -12.0927 4.5514 1.49839 0.00563984 0.679784 0.733366 0.00608438
20.8861 -12.1282 4.51672 1.49839 0.00394032 0.679796 0.733378 0.00425091
20.9108 -12.1806 4.46451 1.49839 0.000541313 0.679807 0.733391 0.00058398
20.9289 -12.2186 4.42585 1.49839 -0.00285771 0.679801 0.733384 -0.00308296
20.9454 -12.2531 4.39009 1.49839 -0.00625667 0.679779 0.73336 -0.00674983
20.9612 -12.2858 4.35577 1.49839 -0.00795613 0.679761 0.733341 -0.00858324
20.9761 -12.3165 4.32327 1.49839 -0.00965554 0.679739 0.733317 -0.0104166
21.0055 -12.3761 4.25828 1.49839 -0.0147533 0.679647 0.733218 -0.0159162
21.0122 -12.3895 4.24335 1.49839 -0.0181513 0.679565 0.733129 -0.019582
21.0262 -12.4174 4.21196 1.49839 -0.0198502 0.679517 0.733078 -0.0214149
21.0455 -12.4556 4.16856 1.49839 -0.021549 0.679466 0.733022 -0.0232475
21.0654 -12.4949 4.12354 1.49839 -0.0232476 0.67941 0.732962 -0.02508
21.0768 -12.5175 4.09766 1.49839 -0.0232476 0.67941 0.732962 -0.02508
21.0922 -12.5478 4.06284 1.49839 -0.0232476 0.67941 0.732962 -0.02508
21.1218 -12.6051 3.99507 1.49839 -0.0283425 0.679216 0.732753 -0.0305765
21.1435 -12.6468 3.94526 1.49839 -0.0300405 0.679143 0.732674 -0.0324084
21.1604 -12.6789 3.90577 1.49839 -0.0351332 0.678899 0.732411 -0.0379025
21.1938 -12.7413 3.82732 1.49839 -0.0385273 0.678715 0.732212 -0.0415641
21.2242 -12.7937 3.75268 1.49839 -0.0588683 0.677254 0.730636 -0.0635084
21.2408 -12.8216 3.71165 1.49839 -0.063946 0.676793 0.730139 -0.0689864
21.2469 -12.8318 3.69637 1.49839 -0.0656379 0.676631 0.729964 -0.0708116
21.2618 -12.8566 3.65917 1.49839 -0.0673293 0.676465 0.729785 -0.0726363
21.2749 -12.8783 3.6265 1.49839 -0.0673293 0.676465 0.729785 -0.0726363
21.2968 -12.9148 3.57167 1.49839 -0.0673293 0.676465 0.729785 -0.0726363
21.315 -12.9449 3.52641 1.49839 -0.0673293 0.676465 0.729785 -0.0726363
21.3308 -12.9712 3.48687 1.49839 -0.0673293 0.676465 0.729785 -0.0726363
21.3437 -12.9927 3.4546 1.49839 -0.0673293 0.676465 0.729785 -0.0726363
21.3675 -13.0322 3.39515 1.49839 -0.0673293 0.676465 0.729785 -0.0726363
21.3823 -13.0567 3.35829 1.49839 -0.0673293 0.676465 0.729785 -0.0726363
21.4 -13.0862 3.31401 1.49839 -0.0673293 0.676465 0.729785 -0.0726363
21.418 -13.1162 3.26893 1.49839 -0.0673293 0.676465 0.729785 -0.0726363
21.4401 -13.1529 3.21375 1.49839 -0.0673293 0.676465 0.729785 -0.0726363
21.4527 -13.1738 3.18227 1.49839 -0.0673293 0.676465 0.729785 -0.0726363
21.4813 -13.2213 3.11095 1.49839 -0.0673293 0.676465 0.729785 -0.0726363
21.4945 -13.2433 3.07786 1.49839 -0.0673293 0.676465 0.729785 -0.0726363
21.5 -13.2524 3.0642 1.49839 -0.0673293 0.676465 0.729785 -0.0726363
21.5126 -13.2732 3.03287 1.49839 -0.0673293 0.676465 0.729785 -0.0726363
21.5286 -13.2998 2.99285 1.49839 -0.0673293 0.676465 0.729785 -0.0726363
21.5439 -13.3253 2.95449 1.49839 -0.0673293 0.676465 0.729785 -0.0726363
21.55 -13.3355 2.93924 1.49839 -0.0673293 0.676465 0.729785 -0.0726363
21.5682 -13.3657 2.8938 1.49839 -0.0673293 0.676465 0.729785 -0.0726363
21.5836 -13.3912 2.85546 1.49839 -0.0673293 0.676465 0.729785 -0.0726363
21.6 -13.4185 2.81442 1.49839 -0.0673293 0.676465 0.729785 -0.0726363
21.6338 -13.4747 2.72994 1.49839 -0.0673293 0.676465 0.729785 -0.0726363
21.6449 -13.4932 2.70222 1.49839 -0.0673293 0.676465 0.729785 -0.0726363
21.6519 -13.5046 2.68465 1.49839 -0.0705198 0.674294 0.731101 -0.0764608
21.6689 -13.5315 2.64147 1.49839 -0.0770494 0.671727 0.731981 -0.0839608
21.6839 -13.5544 2.6025 1.49839 -0.0854398 0.670712 0.730874 -0.0931038
21.7058 -13.5851 2.54457 1.49839 -0.100508 0.66862 0.728595 -0.109524
21.7235 -13.6079 2.49644 1.49839 -0.11521 0.664372 0.727609 -0.126176
21.7424 -13.629 2.44388 1.49839 -0.135086 0.660618 0.723497 -0.147944
21.758 -13.6433 2.39946 1.49839 -0.158121 0.655486 0.717877 -0.173171
21.7889 -13.6624 2.30861 1.49839 -0.192826 0.648053 0.706183 -0.210122
21.8065 -13.6719 2.25678 1.49839 -0.200911 0.645592 0.703501 -0.218933
21.8235 -13.6807 2.20636 1.49839 -0.204137 0.644579 0.702398 -0.222448
21.8394 -13.6881 2.15934 1.49839 -0.208965 0.64303 0.70071 -0.227709
21.8546 -13.6948 2.11437 1.49839 -0.212178 0.641977 0.699562 -0.23121
21.8852 -13.706 2.02309 1.49839 -0.220186 0.639275 0.696618 -0.239936
21.8978 -13.7104 1.9856 1.49839 -0.221783 0.638722 0.696016 -0.241677
21.9125 -13.7151 1.94183 1.49839 -0.224974 0.637605 0.694799 -0.245154
21.918 -13.7168 1.92537 1.49839 -0.226567 0.637041 0.694184 -0.246891
21.9301 -13.7203 1.88912 1.49839 -0.228159 0.636473 0.693564 -0.248625
21.9359 -13.7219 1.87192 1.49839 -0.22975 0.6359 0.69294 -0.250358
21.9514 -13.7259 1.8257 1.49839 -0.231339 0.635324 0.692312 -0.25209
21.9677 -13.7299 1.77672 1.49839 -0.232927 0.634744 0.69168 -0.25382
21.9861 -13.7339 1.72185 1.49839 -0.236097 0.633571 0.690402 -0.257275
22.0018 -13.7373 1.67466 1.49839 -0.236097 0.633571 0.690402 -0.257275
22.0182 -13.7408 1.62567 1.49839 -0.236097 0.633571 0.690402 -0.257275
22.0387 -13.7449 1.56435 1.49839 -0.237681 0.632979 0.689757 -0.259001
22.0545 -13.7481 1.51707 1.49839 -0.237681 0.632979 0.689757 -0.259001
22.0694 -13.7511 1.47264 1.49839 -0.237681 0.632979 0.689757 -0.259001
22.0858 -13.7542 1.42341 1.49839 -0.239262 0.632383 0.689107 -0.260724