0.0504555 7.09501 10.0457 1.88448 0.147457 0.654174 0.723674 0.163123
0.0875957 7.09501 10.0457 1.88448 0.147457 0.654174 0.723674 0.163123
0.121443 7.09501 10.0457 1.88448 0.147457 0.654174 0.723674 0.163123
0.164434 7.09501 10.0457 1.88448 0.147457 0.654174 0.723674 0.163123
0.215049 7.09501 10.0457 1.88448 0.147457 0.654174 0.723674 0.163123
0.250829 7.09501 10.0457 1.88448 0.147457 0.654174 0.723674 0.163123
0.288473 7.09501 10.0457 1.88448 0.147457 0.654174 0.723674 0.163123
0.331919 7.09501 10.0457 1.88448 0.147457 0.654174 0.723674 0.163123
0.385386 7.09501 10.0457 1.88448 0.147457 0.654174 0.723674 0.163123
0.41923 7.09501 10.0457 1.88448 0.147457 0.654174 0.723674 0.163123
0.452933 7.09501 10.0457 1.88448 0.147457 0.654174 0.723674 0.163123
0.501299 7.09501 10.0457 1.88448 0.156052 0.654081 0.719946 0.171766
0.553288 7.04807 9.95291 1.88448 0.156052 0.654081 0.719946 0.171766
0.59615 7.00898 9.87662 1.88448 0.157687 0.653689 0.719514 0.173566
0.63136 6.97688 9.81394 1.88448 0.157687 0.653689 0.719514 0.173566
0.661968 6.94842 9.75974 1.88448 0.161837 0.656478 0.715364 0.176354
0.711798 6.90166 9.67173 1.88448 0.163923 0.657856 0.713278 0.177733
0.747049 6.86858 9.60947 1.88448 0.163923 0.657856 0.713278 0.177733
0.770554 6.84652 9.56796 1.88448 0.164367 0.659637 0.711631 0.177322
0.80186 6.81714 9.51267 1.88448 0.164367 0.659637 0.711631 0.177322
0.83697 6.78419 9.45066 1.88448 0.164367 0.659637 0.711631 0.177322
0.888482 6.73585 9.35968 1.88448 0.164367 0.659637 0.711631 0.177322
0.922195 6.70422 9.30014 1.88448 0.164367 0.659637 0.711631 0.177322
0.955054 6.67338 9.2421 1.88448 0.164367 0.659637 0.711631 0.177322
0.982617 6.64751 9.19342 1.88448 0.164367 0.659637 0.711631 0.177322
1.01777 6.61452 9.13134 1.88448 0.164367 0.659637 0.711631 0.177322
1.07291 6.56278 9.03395 1.88448 0.164367 0.659637 0.711631 0.177322
1.1137 6.5245 8.96191 1.88448 0.164367 0.659637 0.711631 0.177322
1.15434 6.48636 8.89014 1.88448 0.164367 0.659637 0.711631 0.177322
1.18523 6.45737 8.83558 1.88448 0.164367 0.659637 0.711631 0.177322
1.2347 6.41095 8.74821 1.88448 0.164367 0.659637 0.711631 0.177322
1.27012 6.3777 8.68564 1.88448 0.164367 0.659637 0.711631 0.177322
1.29943 6.3502 8.63388 1.88448 0.164367 0.659637 0.711631 0.177322
1.32785 6.32353 8.58368 1.88448 0.164367 0.659637 0.711631 0.177322
1.36272 6.29081 8.52209 1.88448 0.164367 0.659637 0.711631 0.177322
1.41473 6.242 8.43024 1.88448 0.164367 0.659637 0.711631 0.177322
1.45086 6.20651 8.36729 1.88448 0.172599 0.657531 0.709359 0.186204
1.48519 6.1719 8.30801 1.88448 0.177526 0.656218 0.707943 0.191518
1.51776 6.13766 8.25259 1.88448 0.185714 0.653948 0.705493 0.200353
1.55609 6.09607 8.18819 1.88448 0.192244 0.652058 0.703455 0.207397
1.61196 6.03312 8.09586 1.88448 0.20092 0.651354 0.699181 0.215673
1.64644 5.99231 8.04028 1.88448 0.212856 0.649475 0.693678 0.227343
1.68089 5.95015 7.98578 1.88448 0.220958 0.646763 0.690783 0.235996
1.71135 5.91216 7.93816 1.88448 0.226404 0.646809 0.687378 0.240605
1.74793 5.8654 7.8819 1.88448 0.233479 0.646222 0.683325 0.246884
1.81347 5.77863 7.78364 1.88448 0.243146 0.642648 0.679545 0.257106
1.85008 5.78133 7.71047 1.88448 0.251823 0.641247 0.674677 0.264951
1.89422 5.78239 7.6222 1.88448 0.259819 0.638049 0.671312 0.273363
1.93093 5.78144 7.54879 1.88448 0.267774 0.634752 0.667843 0.281733
1.98162 5.77758 7.44747 1.88448 0.275687 0.631355 0.664269 0.290059
2.01892 5.77251 7.37306 1.88448 0.283622 0.623842 0.662971 0.301412
2.05358 5.76642 7.304 1.88448 0.289847 0.620974 0.659924 0.308027
2.09127 5.75792 7.22909 1.88448 0.297586 0.617303 0.656022 0.316251
2.15887 5.73798 7.09538 1.88448 0.3067 0.608741 0.653439 0.32922
2.19711 5.72444 7.0201 1.88448 0.314948 0.60245 0.649936 0.339773
2.23471 5.70965 6.94639 1.88448 0.321821 0.600884 0.645005 0.345452
2.2706 5.69342 6.87646 1.88448 0.331685 0.597587 0.638259 0.35426
2.32893 5.66365 6.76365 1.88448 0.341519 0.594125 0.63139 0.36294
2.36965 5.64013 6.6857 1.88448 0.351864 0.588058 0.624943 0.373934
2.4059 5.61781 6.61672 1.88448 0.357727 0.58451 0.621172 0.380164
2.45262 5.58638 6.52871 1.88448 0.365479 0.577538 0.616846 0.390354
2.50631 5.54625 6.42911 1.88448 0.376956 0.570114 0.608916 0.402612
2.546 5.47231 6.40023 1.88448 0.385465 0.564395 0.602808 0.4117
2.58207 5.40448 6.37567 1.88448 0.39249 0.559533 0.597615 0.419203
2.62525 5.32271 6.3479 1.88448 0.398065 0.55558 0.593393 0.425158
2.67759 5.22326 6.31524 1.88448 0.400838 0.553583 0.59126 0.428119
2.71723 5.14793 6.29049 1.88448 0.400838 0.553583 0.59126 0.428119
2.7535 5.07902 6.26785 1.88448 0.400838 0.553583 0.59126 0.428119
2.8031 4.98477 6.23689 1.88448 0.400838 0.553583 0.59126 0.428119
2.85895 4.87974 6.19887 1.88448 0.39144 0.558037 0.599012 0.420182
2.89429 4.81471 6.17119 1.88448 0.370875 0.560916 0.617399 0.408221
2.93205 4.74763 6.13649 1.88448 0.344747 0.566478 0.6394 0.389126
2.97416 4.67529 6.09338 1.88448 0.323886 0.570028 0.656517 0.373029
3.0257 4.5734 6.10909 1.88448 0.290435 0.572889 0.683619 0.346571
3.06519 4.49464 6.11485 1.88448 0.26409 0.577046 0.702737 0.321613
3.10027 4.42449 6.11541 1.88448 0.242954 0.57996 0.717186 0.300439
3.14518 4.33497 6.10806 1.88448 0.214603 0.584811 0.734382 0.26949
3.19699 4.23262 6.09186 1.88448 0.191316 0.588719 0.746922 0.242727
3.23566 4.15735 6.07408 1.88448 0.167495 0.589794 0.759942 0.215816
3.27175 4.08802 6.05399 1.88448 0.15122 0.588042 0.769531 0.197891
3.32059 3.996 6.02123 1.88448 0.132638 0.58843 0.778073 0.175385
3.37538 3.89625 5.97585 1.88448 0.107162 0.591571 0.786303 0.142437
3.4084 3.8382 5.94436 1.88448 0.0863954 0.594958 0.790806 0.114835
3.44191 3.78186 5.90809 1.88448 0.0640289 0.597779 0.794555 0.0851059
3.48726 3.70948 5.85341 1.88448 0.0417105 0.60175 0.795685 0.0551531
3.53569 3.63776 5.78832 1.88448 0.0146468 0.605009 0.795851 0.019267
3.57492 3.58265 5.73247 1.88448 -0.00200741 0.609156 0.793044 -0.00261339
3.60939 3.53751 5.68036 1.88448 -0.0218713 0.610748 0.791016 -0.0283268
3.65067 3.48631 5.61559 1.88448 -0.0357217 0.612075 0.78865 -0.0460269
3.68785 3.44319 5.55502 1.88448 -0.0510108 0.610991 0.787253 -0.0657267
3.73949 3.3854 5.46942 1.88448 -0.0588327 0.61227 0.784842 -0.0754151
3.78 3.34488 5.39927 1.88448 -0.0802217 0.609836 0.781722 -0.102833
3.82216 3.30528 5.32482 1.88448 -0.0908811 0.608339 0.779803 -0.116497
3.85488 3.27688 5.26585 1.88448 -0.103029 0.6064 0.777318 -0.132068
3.89304 3.24585 5.19614 1.88448 -0.112113 0.604786 0.775249 -0.143713
3.94791 3.20527 5.09418 1.88448 -0.123787 0.600491 0.773724 -0.159498
3.98931 3.17892 5.01568 1.88448 -0.140703 0.598781 0.767551 -0.180361
4.02614 3.11415 4.98058 1.88448 -0.15116 0.596227 0.764277 -0.193765
4.06025 3.05552 4.94571 1.88448 -0.163053 0.593084 0.760249 -0.209011
4.11672 2.96022 4.88508 1.88448 -0.171931 0.590572 0.757029 -0.220391
4.15944 2.89077 4.83533 1.88448 -0.188104 0.585621 0.750683 -0.241123
4.19699 2.83083 4.79009 1.88448 -0.196035 0.585091 0.74615 -0.249998
4.24297 2.75913 4.73251 1.88448 -0.206093 0.585789 0.739396 -0.260135
4.28636 2.69341 4.67584 1.88448 -0.216312 0.582093 0.734731 -0.273034
4.35006 2.59904 4.59026 1.88448 -0.223571 0.579344 0.731261 -0.282196
4.39394 2.53643 4.52874 1.88448 -0.23437 0.572942 0.726905 -0.297351
4.4359 2.47898 4.46759 1.88448 -0.24656 0.56994 0.719391 -0.311213
4.47187 2.43105 4.41395 1.88448 -0.253665 0.566814 0.715445 -0.320181
4.53419 2.35034 4.31894 1.88448 -0.261552 0.565375 0.709975 -0.328446
4.57885 2.36114 4.2303 1.88448 -0.272806 0.560032 0.703265 -0.342579
4.61809 2.37257 4.15264 1.88448 -0.279785 0.556578 0.698928 -0.351343
4.66587 2.38885 4.05848 1.88448 -0.28672 0.553037 0.694481 -0.360051
4.73001 2.41511 3.93292 1.88448 -0.296354 0.547935 0.688074 -0.372149
4.77481 2.43695 3.84602 1.88448 -0.306287 0.540196 0.681847 -0.386602
4.82925 2.46717 3.74141 1.88448 -0.313697 0.531372 0.677643 -0.400048
4.87834 2.49676 3.64781 1.88448 -0.319292 0.525726 0.673906 -0.409287
4.9484 2.5443 3.516 1.88448 -0.326563 0.514229 0.669461 -0.425143
4.98628 2.57285 3.44581 1.88448 -0.334585 0.504285 0.663355 -0.440125
5.02742 2.60536 3.37023 1.88448 -0.338493 0.499265 0.660171 -0.447584
5.07593 2.5717 3.27923 1.88448 -0.342424 0.491716 0.656991 -0.457519
5.14212 2.52954 3.15375 1.88448 -0.348592 0.484898 0.651269 -0.468195
5.18557 2.50392 3.07072 1.88448 -0.352239 0.47727 0.64776 -0.478066
5.22759 2.48076 2.98992 1.88448 -0.355782 0.472115 0.64413 -0.485411
5.26968 2.45837 2.90878 1.88448 -0.358138 0.47033 0.641695 -0.488625
5.35928 2.41591 2.73467 1.88448 -0.365152 0.464906 0.634293 -0.498195
5.40503 2.39691 2.64518 1.88448 -0.372085 0.459376 0.626749 -0.507653
5.44895 2.38039 2.55891 1.88448 -0.37666 0.455632 0.621641 -0.513895
5.49977 2.36327 2.45871 1.88448 -0.381197 0.451843 0.616472 -0.520086
5.54251 2.35184 2.37401 1.88448 -0.390371 0.44662 0.606161 -0.52982
5.61574 2.3366 2.22833 1.88448 -0.398373 0.442209 0.597043 -0.537858
5.65911 2.33147 2.14174 1.88448 -0.40822 0.433134 0.584791 -0.551154
5.7034 2.32844 2.05321 1.88448 -0.414997 0.429441 0.576784 -0.557385
5.74012 2.32813 1.97977 1.88448 -0.421392 0.423168 0.568359 -0.565974
5.78205 2.32987 1.89593 1.88448 0.426649 -0.417867 -0.56124 0.573034
5.85866 2.33765 1.74291 1.88448 0.432868 -0.411421 -0.552582 0.581388
5.9077 2.34801 1.64538 1.88448 0.444017 -0.399363 -0.536386 0.596362
5.94839 2.35943 1.56481 1.88448 0.450938 -0.391532 -0.525868 0.605657
5.97433 2.36774 1.5136 1.88448 0.453302 -0.385702 -0.520752 0.61202
6.01491 2.38233 1.43377 1.88448 0.457136 -0.38115 -0.514605 0.617197
6.08495 2.41027 1.29649 1.88448 0.460925 -0.37656 -0.508408 0.622312
6.13463 2.43348 1.19989 1.88448 0.465864 -0.367192 -0.49836 0.63228
6.1757 2.45426 1.12041 1.88448 0.471105 -0.363744 -0.491104 0.636056
6.21737 2.47736 1.04034 1.88448 0.477218 -0.359033 -0.482219 0.640954
6.27551 2.51236 0.929456 1.88448 0.483285 -0.354224 -0.473286 0.645726
6.35916 2.56591 0.77095 1.88448 0.488427 -0.35054 -0.46593 0.649207
6.40356 2.59643 0.687558 1.88448 0.494407 -0.345551 -0.456916 0.653746
6.44614 2.62569 0.607587 1.88448 0.494407 -0.345551 -0.456916 0.653746
6.48428 2.65191 0.535954 1.88448 0.494407 -0.345551 -0.456916 0.653746
6.52857 2.68234 0.452775 1.88448 0.494407 -0.345551 -0.456916 0.653746
6.60516 2.7357 0.309183 1.88448 0.496905 -0.345451 -0.454418 0.653646
6.65044 2.77145 0.225978 1.88448 0.512007 -0.337284 -0.434586 0.659714
6.69319 2.80677 0.148116 1.88448 0.517013 -0.333216 -0.427136 0.662737
6.73131 2.87865 0.122718 1.88448 0.523648 -0.330128 -0.418842 0.664365
6.80156 3.01181 0.077911 1.88448 0.527776 -0.327225 -0.41303 0.66617
6.85739 3.11849 0.044955 1.88448 0.535174 -0.322622 -0.403063 0.668613
6.90289 3.20598 0.0198361 1.88448 0.540054 -0.318244 -0.395562 0.671262
6.9559 3.30788 -0.00942147 1.88448 0.540054 -0.318244 -0.395562 0.671262
6.99777 3.38835 -0.0325283 1.88448 0.540054 -0.318244 -0.395562 0.671262
7.06887 3.52504 -0.0717744 1.88448 0.540054 -0.318244 -0.395562 0.671262
7.117 3.61843 -0.0950842 1.88448 0.542143 -0.306822 -0.385294 0.680801
7.16264 3.70721 -0.116303 1.88448 0.54367 -0.304107 -0.381886 0.682719
7.19984 3.76629 -0.130425 1.92744 0.54367 -0.304107 -0.381886 0.682719
7.27055 3.87899 -0.155578 2.00909 0.540779 -0.297187 -0.378994 0.689639
7.32588 3.96718 -0.175263 2.07298 0.540779 -0.297187 -0.378994 0.689639
7.37128 4.03961 -0.191051 2.1254 0.539792 -0.29489 -0.378007 0.691936
7.42464 4.12503 -0.208329 2.18702 0.54025 -0.289901 -0.373533 0.696104
7.46699 4.193 -0.221023 2.23592 0.542409 -0.285841 -0.368302 0.698886
7.50647 4.25649 -0.232223 2.28151 0.543831 -0.283125 -0.364803 0.700719
7.58364 4.40847 -0.259032 2.28151 0.543831 -0.283125 -0.364803 0.700719
7.62919 4.49819 -0.274858 2.28151 0.543831 -0.283125 -0.364803 0.700719
7.67218 4.58288 -0.289797 2.28151 0.543831 -0.283125 -0.364803 0.700719
7.71092 4.65918 -0.303256 2.28151 0.543831 -0.283125 -0.364803 0.700719
7.75529 4.74656 -0.318671 2.28151 0.543831 -0.283125 -0.364803 0.700719
7.83944 4.91231 -0.347908 2.28151 0.543831 -0.283125 -0.364803 0.700719
7.88576 5.00354 -0.364001 2.28151 0.543831 -0.283125 -0.364803 0.700719
7.93118 5.093 -0.379782 2.28151 0.543831 -0.283125 -0.364803 0.700719
7.96956 5.16859 -0.393116 2.28151 0.543831 -0.283125 -0.364803 0.700719
8.01216 5.2525 -0.407918 2.28151 0.543831 -0.283125 -0.364803 0.700719
8.08346 5.39292 -0.432688 2.28151 0.543831 -0.283125 -0.364803 0.700719
8.1339 5.49227 -0.450215 2.28151 0.543831 -0.283125 -0.364803 0.700719
8.17544 5.57415 -0.464236 2.28151 0.544537 -0.281765 -0.36305 0.701629
8.21754 5.6245 -0.531744 2.28151 0.548017 -0.274936 -0.354251 0.706112
8.28868 5.71238 -0.643634 2.28151 0.55141 -0.268065 -0.345397 0.710485
8.34395 5.78533 -0.726677 2.28151 0.556772 -0.251986 -0.326362 0.721107
8.38767 5.84498 -0.790604 2.28151 0.558672 -0.242817 -0.316117 0.727321
8.42936 5.90367 -0.849836 2.28151 0.56042 -0.233646 -0.305757 0.733384
8.48305 5.98151 -0.923818 2.28151 0.560165 -0.223738 -0.295845 0.740697
8.5258 6.04634 -0.97955 2.28151 0.565583 -0.209665 -0.277237 0.747861
8.60589 6.17239 -1.07839 2.28151 0.570157 -0.196887 -0.260341 0.753909
8.65112 6.26138 -1.06216 2.28151 0.577707 -0.18029 -0.23716 0.759937
8.69609 6.34915 -1.04249 2.28151 0.581197 -0.168701 -0.221915 0.764528
8.74996 6.45366 -1.01632 2.28151 0.583261 -0.161423 -0.212341 0.767242
8.82701 6.60152 -0.972936 2.28151 0.590222 -0.150709 -0.196204 0.768394
8.87471 6.69144 -0.941087 2.28151 0.598002 -0.135296 -0.174327 0.770518
8.91946 6.77455 -0.907854 2.28151 0.602521 -0.123707 -0.158574 0.772346
8.97222 6.87152 -0.866236 2.28151 0.605954 -0.116538 -0.148617 0.772756
9.04248 6.99833 -0.8057 2.28151 0.608164 -0.104396 -0.133133 0.775573
9.0899 7.082 -0.76103 2.28151 0.612303 -0.090976 -0.115424 0.776844
9.13348 7.15718 -0.71694 2.28151 0.614 -0.0787126 -0.0998646 0.778997
9.18498 7.2447 -0.662632 2.28151 0.612983 -0.0708061 -0.0902969 0.781719
9.22662 7.31412 -0.616614 2.28151 0.610054 -0.0612102 -0.0788684 0.786046
9.29505 7.42586 -0.537614 2.28151 0.60696 -0.0517168 -0.0673288 0.790185
9.34926 7.51182 -0.471529 2.28151 0.605892 -0.0394392 -0.0516114 0.79289
9.39312 7.57946 -0.415661 2.28151 0.604504 -0.0287362 -0.0378006 0.795186
9.44501 7.65779 -0.347594 2.28151 0.602825 -0.0211081 -0.0279109 0.797106
9.48768 7.7205 -0.289707 2.28151 0.603073 -0.0120637 -0.0159516 0.797435
9.55497 7.81661 -0.195504 2.28151 0.603187 -0.00301658 -0.00398878 0.797584
9.60002 7.87837 -0.129922 2.28151 0.599131 0.00898703 0.0120077 0.80051
9.64733 7.94115 -0.0591149 2.28151 0.598929 0.0179726 0.0240136 0.80024
9.68922 7.99483 0.00520784 2.28151 0.598592 0.0269542 0.036014 0.79979
9.72704 8.04182 0.0644784 2.28151 0.598208 0.0344343 0.0460083 0.799277
9.77009 8.09396 0.133007 2.28151 0.597834 0.0404146 0.0539987 0.798777
9.85124 8.20726 0.151291 2.39627 0.597282 0.0478842 0.0639789 0.79804
9.89917 8.27375 0.164422 2.46404 0.592361 0.0579383 0.0782248 0.79977
9.94221 8.33341 0.176517 2.52492 0.592215 0.0594191 0.0802239 0.799572
9.99665 8.40886 0.19181 2.6019 0.592215 0.0594191 0.0802239 0.799572
10.0681 8.50786 0.21188 2.70292 0.592215 0.0594191 0.0802239 0.799572
10.1203 8.60973 0.235193 2.70292 0.58542 0.0661384 0.0907106 0.80292
10.1688 8.70383 0.25872 2.70292 0.580713 0.0714947 0.0990939 0.804886
10.2261 8.81429 0.289291 2.70292 0.579774 0.0787478 0.109147 0.803585
10.2734 8.90428 0.318117 2.70292 0.574069 0.0896996 0.125646 0.804122
10.3526 9.05343 0.371717 2.70292 0.570406 0.0993821 0.139947 0.803228
10.4089 9.15425 0.421669 2.70292 0.555785 0.130133 0.187186 0.799456
10.4633 9.24864 0.47571 2.70292 0.547657 0.145688 0.211813 0.79623
10.5028 9.3146 0.519399 2.70292 0.54066 0.162812 0.237982 0.790281
10.5879 9.44747 0.625756 2.70292 0.526933 0.184914 0.274686 0.782749
10.6416 9.52411 0.700815 2.70292 0.505454 0.206293 0.316594 0.775711
10.6847 9.57946 0.767092 2.70292 0.481156 0.22505 0.358961 0.767456
10.7392 9.64457 0.854394 2.70292 0.467189 0.234384 0.382291 0.762005
10.8075 9.71787 0.969815 2.70292 0.450579 0.247617 0.413087 0.75168
10.8615 9.77113 1.06375 2.70292 0.440538 0.256641 0.433037 0.743331
10.9234 9.82886 1.17309 2.70292 0.436639 0.26322 0.444138 0.736752
10.966 9.86524 1.2502 2.70292 0.432421 0.274127 0.459917 0.725495
11.0053 9.89551 1.32265 2.70292 0.426144 0.283786 0.476123 0.714964
11.0457 9.92217 1.39902 2.70292 0.415688 0.295197 0.498094 0.701402
11.121 9.95737 1.54555 2.70292 0.393639 0.310263 0.535656 0.679602
11.1689 9.96032 1.6412 2.70292 0.358272 0.347405 0.603252 0.622124
11.1962 9.95682 1.69571 2.70292 0.344332 0.36718 0.630284 0.591064
11.2354 9.94555 1.77329 2.70292 0.330786 0.382289 0.652462 0.564561
11.2787 9.92712 1.85799 2.70292 0.317206 0.393629 0.671818 0.541384
11.3551 9.88136 2.00375 2.70292 0.299178 0.407501 0.695492 0.510614
11.4089 9.84158 2.10358 2.70292 0.284899 0.420215 0.713098 0.48347
11.4522 9.80713 2.18301 2.70292 0.279745 0.42624 0.719207 0.472022
11.5065 9.76092 2.28138 2.70292 0.276771 0.435822 0.722957 0.459118
11.5757 9.69711 2.40418 2.70292 0.271327 0.446748 0.728664 0.442545
11.6286 9.64324 2.49524 2.70292 0.263151 0.461422 0.73598 0.419732
11.6766 9.58945 2.57486 2.70292 0.251176 0.472843 0.745884 0.396216
11.732 9.52426 2.66442 2.70292 0.245729 0.482798 0.749103 0.381271
11.801 9.43817 2.77215 2.70292 0.236624 0.491986 0.755041 0.363142
11.8575 9.36719 2.86007 2.70292 0.235393 0.492576 0.755947 0.361253
11.9028 9.31027 2.93057 2.70292 0.235393 0.492576 0.755947 0.361253
11.9572 9.24195 3.01519 2.70292 0.235393 0.492576 0.755947 0.361253
12.0254 9.10626 3.02966 2.70292 0.235393 0.492576 0.755947 0.361253
12.0778 9.00167 3.03711 2.70292 0.229341 0.502321 0.758407 0.346259
12.123 8.91141 3.04129 2.70292 0.223044 0.505149 0.762675 0.336752
12.178 8.80153 3.04527 2.70292 0.221347 0.508167 0.763082 0.332383
12.2469 8.66366 3.04957 2.70292 0.220076 0.508719 0.76391 0.330474
12.3047 8.54819 3.05317 2.70292 0.220076 0.508719 0.76391 0.330474
12.3492 8.45922 3.05595 2.70292 0.220076 0.508719 0.76391 0.330474
12.4036 8.3799 2.98143 2.70292 0.220076 0.508719 0.76391 0.330474
12.4794 8.26942 2.87764 2.70292 0.220076 0.508719 0.76391 0.330474
12.5233 8.26669 2.78996 2.70292 0.220076 0.508719 0.76391 0.330474
12.5681 8.26389 2.70035 2.70292 0.220076 0.508719 0.76391 0.330474
12.6222 8.26051 2.59212 2.70292 0.220076 0.508719 0.76391 0.330474
12.6945 8.25601 2.44767 2.70292 0.220076 0.508719 0.76391 0.330474
12.7374 8.25333 2.36183 2.70292 0.220076 0.508719 0.76391 0.330474
12.7844 8.24899 2.26805 2.70292 0.219665 0.497497 0.767689 0.338966
12.841 8.24094 2.15519 2.70292 0.220613 0.483206 0.770726 0.351884
12.9016 8.22868 2.03443 2.70292 0.224191 0.472165 0.770122 0.365665
12.9562 8.21332 1.9264 2.70292 0.230725 0.461855 0.76614 0.382735
12.9969 8.19945 1.84616 2.70292 0.23664 0.45644 0.761457 0.394776
13.041 8.18142 1.75994 2.70292 0.245611 0.454113 0.753299 0.407428
13.0912 8.15839 1.6621 2.70292 0.252309 0.452877 0.747017 0.416182
13.1343 8.13409 1.57953 2.70292 0.269019 0.453098 0.730797 0.433897
13.199 8.09015 1.45772 2.70292 0.28703 0.451977 0.712969 0.452775
13.2441 8.05245 1.37578 2.70292 0.31318 0.449721 0.68642 0.478014
13.2908 8.00468 1.29541 2.70292 0.342739 0.440887 0.65493 0.509132
13.3412 7.94612 1.21358 2.70292 0.365175 0.430661 0.629495 0.533774
13.4032 7.86235 1.12205 2.70292 0.397443 0.415411 0.591209 0.565637
13.4527 7.78856 1.05607 2.70292 0.423632 0.40063 0.558221 0.590272
13.4931 7.72452 1.00692 2.70292 0.438354 0.384466 0.535699 0.610785
13.5357 7.65224 0.961646 2.70292 0.462447 0.368261 0.502436 0.63094
13.5848 7.56552 0.915437 2.70292 0.479898 0.355443 0.477397 0.644554
13.6259 7.49083 0.881216 2.70292 0.493631 0.343173 0.456139 0.656124
13.687 7.37692 0.837087 2.70292 0.508709 0.331475 0.433779 0.665714
13.7352 7.28475 0.808618 2.70292 0.528462 0.318574 0.406268 0.673932
13.7786 7.2006 0.787615 2.70292 0.543844 0.307783 0.384525 0.679444
13.8351 7.08956 0.766879 2.70292 0.55971 0.294957 0.36104 0.68511
13.8768 7.00678 0.756512 2.70292 0.573507 0.28058 0.338233 0.691349
13.9413 6.87823 0.74561 2.70292 0.582486 0.270673 0.322989 0.695071
13.9901 6.78057 0.745161 2.70292 0.592844 0.247163 0.294936 0.707431
14.0341 6.69273 0.750915 2.70292 0.602921 0.226941 0.269433 0.715814
14.0924 6.57713 0.7649 2.70292 0.608933 0.210277 0.249649 0.722952
14.1339 6.49563 0.781454 2.70292 0.611345 0.184098 0.221926 0.736962
14.1961 6.37558 0.813444 2.70292 0.609129 0.163672 0.201368 0.749416
14.2538 6.26621 0.850344 2.70292 0.608441 0.142462 0.177983 0.760148
14.3 6.1808 0.885491 2.70292 0.612749 0.122616 0.153188 0.76553
14.3457 6.01482 0.962699 2.70292 0.617273 0.109139 0.135654 0.767242
14.3811 5.88804 1.02558 2.70292 0.618589 0.101414 0.126053 0.768878
14.4445 5.66371 1.14391 2.70292 0.619808 0.0936742 0.116433 0.770394
14.4941 5.4921 1.2434 2.70292 0.619624 0.0810074 0.101205 0.77412
14.5397 5.3375 1.34041 2.70292 0.620947 0.0701521 0.0876436 0.775772
14.5897 5.17072 1.45097 2.70292 0.621775 0.062385 0.0779399 0.776807
14.6323 5.03238 1.54982 2.70292 0.624715 0.0516556 0.0642056 0.776492
14.6885 4.8525 1.68527 2.70292 0.623367 0.0437065 0.0546041 0.778795
14.7367 4.7058 1.81019 2.70292 0.620489 0.0248322 0.0313437 0.783195
14.7793 4.58306 1.92811 2.70292 0.618993 0.00618951 0.00785279 0.785333
14.8355 4.35856 1.94047 2.70292 0.614857 -0.0169135 -0.0216806 0.788159
14.8766 4.19526 1.96099 2.70292 0.61192 -0.0382955 -0.0493432 0.78845
14.9374 3.95569 2.00212 2.70292 0.610903 -0.0520528 -0.0670693 0.78714
14.9809 3.7855 2.03928 2.70292 0.611539 -0.0659955 -0.0845968 0.783906
15.0247 3.61586 2.0817 2.70292 0.612435 -0.0754014 -0.0961572 0.78102
15.0731 3.43006 2.13613 2.70292 0.614691 -0.0881919 -0.111318 0.775877
15.1178 3.26117 2.19587 2.70292 0.615889 -0.105722 -0.132083 0.769453
15.1788 3.03574 2.28854 2.70292 0.618781 -0.122216 -0.150363 0.761291
15.2194 2.8897 2.35999 2.70292 0.620135 -0.143567 -0.17395 0.751374
15.2629 2.81553 2.40546 2.70292 0.618169 -0.174416 -0.208128 0.737651
15.321 2.72635 2.47982 2.70292 0.603911 -0.218736 -0.261014 0.720637
15.3576 2.67717 2.53414 2.70292 0.585379 -0.259662 -0.311429 0.702082
15.4169 2.60867 2.63094 2.70292 0.565338 -0.292528 -0.354435 0.684979
15.4633 2.52279 2.79558 2.70292 0.539358 -0.326985 -0.402292 0.663577
15.5062 2.46141 2.95583 2.70292 0.511643 -0.351916 -0.444196 0.645807
15.5401 2.42192 3.08543 2.70292 0.49586 -0.367267 -0.468365 0.632355
15.5793 2.38759 3.23838 2.70292 0.480204 -0.384368 -0.492705 0.615553
15.6386 2.35193 3.47304 2.70292 0.470932 -0.40478 -0.510922 0.59442
15.6824 2.33956 3.64758 2.70292 0.45723 -0.425955 -0.532161 0.571234
15.7197 2.33944 3.79699 2.70292 0.4448 -0.444447 -0.549609 0.550045
15.7604 2.34989 3.95951 2.70292 -0.4341 0.462907 0.563736 -0.528655
15.7976 2.2586 4.07685 2.70292 -0.423844 0.480051 0.575755 -0.508343
15.8644 2.11418 4.30157 2.70292 -0.409004 0.507546 0.590494 -0.475847
15.9082 2.03535 4.45823 2.70292 -0.385127 0.532905 0.610671 -0.441328
15.9497 1.97359 4.61232 2.70292 -0.363174 0.550357 0.627497 -0.414078
15.9885 1.92688 4.76007 2.70292 -0.341308 0.561978 0.643987 -0.391115
16.0371 1.88039 4.94909 2.70292 -0.322867 0.572771 0.656356 -0.369983
16.1052 1.83936 5.21837 2.70292 -0.296774 0.586716 0.672335 -0.340082
16.1497 1.82582 5.39579 2.70292 -0.274569 0.59743 0.684612 -0.314637
16.1923 1.82273 5.48087 2.70292 -0.261813 0.601072 0.692272 -0.301538
16.233 1.82142 5.56219 2.70292 -0.255789 0.60366 0.695253 -0.2946
16.2834 1.82281 5.66311 2.70292 -0.248124 0.610919 0.696548 -0.282902
16.3569 1.82852 5.81004 2.70292 -0.241153 0.615721 0.698492 -0.273571
16.4017 1.82852 5.81004 2.70292 -0.241153 0.615721 0.698492 -0.273571
16.4445 1.82852 5.81004 2.70292 -0.241153 0.615721 0.698492 -0.273571
16.4947 1.82852 5.81004 2.70292 -0.241153 0.615721 0.698492 -0.273571
16.5359 1.82852 5.81004 2.70292 -0.241153 0.615721 0.698492 -0.273571
16.6023 1.82852 5.81004 2.70292 -0.241153 0.615721 0.698492 -0.273571
16.6481 1.82852 5.81004 2.70292 -0.241153 0.615721 0.698492 -0.273571
16.6927 1.82852 5.81004 2.70292 -0.241153 0.615721 0.698492 -0.273571
16.7429 1.82852 5.81004 2.70292 -0.241153 0.615721 0.698492 -0.273571
16.788 1.82852 5.81004 2.70292 -0.241153 0.615721 0.698492 -0.273571
16.8356 1.82852 5.81004 2.70292 -0.241153 0.615721 0.698492 -0.273571
16.9061 1.82852 5.81004 2.70292 -0.241153 0.615721 0.698492 -0.273571
16.963 1.82852 5.81004 2.70292 -0.241153 0.615721 0.698492 -0.273571
17.0057 1.82852 5.81004 2.70292 -0.241153 0.615721 0.698492 -0.273571
17.0454 1.82852 5.81004 2.70292 -0.241153 0.615721 0.698492 -0.273571
17.0868 1.82852 5.81004 2.70292 -0.241153 0.615721 0.698492 -0.273571
17.157 1.82852 5.81004 2.70292 -0.241153 0.615721 0.698492 -0.273571
17.2138 1.82852 5.81004 2.70292 -0.241153 0.615721 0.698492 -0.273571
17.2569 1.82852 5.81004 2.70292 -0.241153 0.615721 0.698492 -0.273571
17.2997 1.82852 5.81004 2.70292 -0.241153 0.615721 0.698492 -0.273571
17.3574 1.82852 5.81004 2.70292 -0.241153 0.615721 0.698492 -0.273571
17.4188 1.82852 5.81004 2.70292 -0.241153 0.615721 0.698492 -0.273571
17.4575 1.82852 5.81004 2.70292 -0.241153 0.615721 0.698492 -0.273571
17.4998 1.82852 5.81004 2.70292 -0.241153 0.615721 0.698492 -0.273571
17.5388 1.82852 5.81004 2.70292 -0.241153 0.615721 0.698492 -0.273571
17.6088 1.82852 5.81004 2.70292 -0.241153 0.615721 0.698492 -0.273571
17.6548 1.82852 5.81004 2.70292 -0.241153 0.615721 0.698492 -0.273571
17.699 1.82852 5.81004 2.70292 -0.241153 0.615721 0.698492 -0.273571
17.735 1.82852 5.81004 2.70292 -0.241153 0.615721 0.698492 -0.273571
17.7771 1.82852 5.81004 2.70292 -0.241153 0.615721 0.698492 -0.273571
