0.0216756 17.401 -4.39745 11.7266 0.541239 0.316225 0.393053 0.672735
0.036268 17.401 -4.39745 11.7266 0.541239 0.316225 0.393053 0.672735
0.0510403 17.401 -4.39745 11.7266 0.541239 0.316225 0.393053 0.672735
0.0678381 17.401 -4.39745 11.7266 0.541239 0.316225 0.393053 0.672735
0.0851422 17.401 -4.39745 11.7266 0.541239 0.316225 0.393053 0.672735
0.103284 17.401 -4.39745 11.7266 0.541239 0.316225 0.393053 0.672735
0.117836 17.401 -4.39745 11.7266 0.541239 0.316225 0.393053 0.672735
0.13492 17.401 -4.39745 11.7266 0.541239 0.316225 0.393053 0.672735
0.155083 17.401 -4.39745 11.7266 0.541239 0.316225 0.393053 0.672735
0.171161 17.401 -4.39745 11.7266 0.541239 0.316225 0.393053 0.672735
0.183305 17.401 -4.39745 11.7266 0.541239 0.316225 0.393053 0.672735
0.199965 17.401 -4.39745 11.7266 0.541239 0.316225 0.393053 0.672735
0.220335 17.401 -4.39745 11.7266 0.541239 0.316225 0.393053 0.672735
0.236132 17.401 -4.39745 11.7266 0.541239 0.316225 0.393053 0.672735
0.251184 17.401 -4.39745 11.7266 0.541239 0.316225 0.393053 0.672735
0.268045 17.401 -4.39745 11.7266 0.541239 0.316225 0.393053 0.672735
0.288731 17.401 -4.39745 11.7266 0.541239 0.316225 0.393053 0.672735
0.303084 17.401 -4.39745 11.7266 0.541239 0.316225 0.393053 0.672735
0.316623 17.401 -4.39745 11.7266 0.541239 0.316225 0.393053 0.672735
0.333139 17.401 -4.39745 11.7266 0.541239 0.316225 0.393053 0.672735
0.352958 17.401 -4.39745 11.7266 0.541239 0.316225 0.393053 0.672735
0.369832 17.401 -4.39745 11.7266 0.541239 0.316225 0.393053 0.672735
0.384418 17.401 -4.39745 11.7266 0.541239 0.316225 0.393053 0.672735
0.402853 17.401 -4.39745 11.7266 0.541239 0.316225 0.393053 0.672735
0.42292 17.401 -4.39745 11.7266 0.541239 0.316225 0.393053 0.672735
0.436174 17.401 -4.39745 11.7266 0.541239 0.316225 0.393053 0.672735
0.449853 17.401 -4.39745 11.7266 0.541239 0.316225 0.393053 0.672735
0.467991 17.401 -4.39745 11.7266 0.541239 0.316225 0.393053 0.672735
0.485265 17.401 -4.39745 11.7266 0.541239 0.316225 0.393053 0.672735
0.502814 17.401 -4.39745 11.7266 0.541239 0.316225 0.393053 0.672735
0.518003 17.401 -4.39745 11.7266 0.542027 0.314871 0.39137 0.673715
0.534464 17.401 -4.39745 11.7266 0.542027 0.314871 0.39137 0.673715
0.556678 17.401 -4.39745 11.7266 0.542027 0.314871 0.39137 0.673715
0.569581 17.401 -4.39745 11.7266 0.542027 0.314871 0.39137 0.673715
0.583308 17.401 -4.39745 11.7266 0.542027 0.314871 0.39137 0.673715
0.601249 17.401 -4.39745 11.7266 0.542027 0.314871 0.39137 0.673715
0.621771 17.401 -4.39745 11.7266 0.542027 0.314871 0.39137 0.673715
0.636289 17.401 -4.39745 11.7266 0.542027 0.314871 0.39137 0.673715
0.649989 17.282 -4.32959 11.7266 0.542027 0.314871 0.39137 0.673715
0.667809 17.1272 -4.24131 11.7266 0.542027 0.314871 0.39137 0.673715
0.685142 16.9767 -4.15545 11.7266 0.542027 0.314871 0.39137 0.673715
0.703683 16.8156 -4.0636 11.7266 0.542027 0.314871 0.39137 0.673715
0.718012 16.6911 -3.99262 11.7266 0.542027 0.314871 0.39137 0.673715
0.735432 16.5398 -3.90633 11.7266 0.542027 0.314871 0.39137 0.673715
0.757484 16.3482 -3.79709 11.7266 0.542027 0.314871 0.39137 0.673715
0.769497 16.2439 -3.73758 11.7266 0.542027 0.314871 0.39137 0.673715
0.784043 16.1175 -3.66552 11.7266 0.542027 0.314871 0.39137 0.673715
0.801515 15.9658 -3.57897 11.7266 0.542027 0.314871 0.39137 0.673715
0.818724 15.8163 -3.49372 11.7266 0.542027 0.314871 0.39137 0.673715
0.836942 15.658 -3.40348 11.7266 0.540341 0.313891 0.392156 0.675068
0.851067 15.5357 -3.33289 11.7266 0.541124 0.312539 0.390467 0.676047
0.867754 15.3911 -3.2495 11.7266 0.541124 0.312539 0.390467 0.676047
0.885209 15.2399 -3.16228 11.7266 0.541124 0.312539 0.390467 0.676047
0.903278 15.0654 -3.2091 11.7266 0.539433 0.311562 0.391247 0.677397
0.919462 14.9091 -3.25104 11.7266 0.539433 0.311562 0.391247 0.677397
0.93316 14.7768 -3.28654 11.7266 0.537737 0.310583 0.392025 0.678744
0.953939 14.5761 -3.34039 11.7266 0.537737 0.310583 0.392025 0.678744
0.969465 14.4259 -3.37987 11.7266 0.538512 0.309238 0.390327 0.679722
0.986722 14.259 -3.42376 11.7266 0.536811 0.308261 0.391099 0.681066
1.00114 14.1194 -3.45973 11.7266 0.53758 0.306918 0.389395 0.682041
1.01663 13.9694 -3.49837 11.7266 0.53758 0.306918 0.389395 0.682041
1.03901 13.7527 -3.55421 11.7266 0.53758 0.306918 0.389395 0.682041
1.05367 13.6105 -3.59007 11.7266 0.538346 0.305573 0.387688 0.683013
1.0674 13.4772 -3.62299 11.7266 0.537396 0.303261 0.386739 0.685326
1.08681 13.2888 -3.66954 11.7266 0.535681 0.302293 0.387496 0.686667
1.10383 13.1234 -3.70951 11.7266 0.536435 0.300953 0.385778 0.687633
1.12016 12.9644 -3.74709 11.7266 0.535463 0.298649 0.384806 0.689937
1.13373 12.8322 -3.77764 11.7266 0.534479 0.296351 0.383822 0.692235
1.15451 12.6296 -3.82342 11.7266 0.533484 0.294058 0.382826 0.694528
1.16964 12.4818 -3.85601 11.7266 0.534217 0.292723 0.381089 0.695483
1.18687 12.3135 -3.89313 11.7266 0.534217 0.292723 0.381089 0.695483
1.20054 12.1798 -3.92124 11.7266 0.533929 0.289104 0.37833 0.698717
1.21893 11.9998 -3.95907 11.7266 0.53218 0.288157 0.379052 0.700049
1.23879 11.8051 -3.99796 11.7266 0.531858 0.284553 0.37626 0.703268
1.25367 11.659 -4.02637 11.7266 0.532568 0.283222 0.3745 0.704206
1.26689 11.5291 -4.05097 11.7266 0.53151 0.280957 0.373442 0.706471
1.28484 11.3525 -4.08349 11.7266 0.53221 0.279628 0.371675 0.707403
1.30686 11.1357 -4.1212 11.7266 0.531827 0.276042 0.368824 0.710584
1.32023 11.0038 -4.14345 11.7266 0.532516 0.274711 0.367047 0.711504
1.33357 10.872 -4.16433 11.7266 0.532097 0.271136 0.364164 0.714662
1.3539 10.6711 -4.19513 11.7266 0.532774 0.269805 0.362376 0.715571
1.37172 10.4948 -4.22125 11.7266 0.531654 0.26757 0.361256 0.717806
1.38703 10.3431 -4.24219 11.7266 0.531184 0.264013 0.358324 0.720933
1.40035 10.211 -4.25908 11.7266 0.532498 0.261354 0.354714 0.722716
1.41761 10.0397 -4.28011 11.7266 0.531339 0.259139 0.353556 0.724931
1.44121 9.80529 -4.30769 11.7266 0.531985 0.25781 0.351742 0.725813
1.45495 9.66868 -4.32238 11.7266 0.533267 0.255146 0.348109 0.727562
1.46758 9.54298 -4.33463 11.7266 0.534536 0.252477 0.344467 0.729294
1.48569 9.36267 -4.35129 11.7266 0.535166 0.25114 0.342642 0.730153
1.50745 9.14591 -4.37022 11.7266 0.535792 0.249801 0.340816 0.731007
1.52159 9.00502 -4.38182 11.7266 0.536415 0.248461 0.338987 0.731857
1.53387 8.88249 -4.39006 11.7266 0.538263 0.244431 0.333489 0.734378
1.55615 8.66011 -4.4039 11.7266 0.538873 0.243084 0.331652 0.73521
1.56977 8.52408 -4.41168 11.7266 0.537637 0.240911 0.330416 0.737383
1.5874 8.34803 -4.41998 11.7266 0.538835 0.23822 0.326725 0.739026
1.60033 8.21885 -4.42543 11.7266 0.539428 0.236872 0.324876 0.73984
1.61717 8.05048 -4.43168 11.7266 0.540019 0.235523 0.323026 0.74065
1.63723 7.84995 -4.43712 11.7266 0.54119 0.23282 0.319319 0.742256
1.65693 7.65304 -4.44148 11.7266 0.54177 0.231466 0.317462 0.743052
1.66871 7.53531 -4.44291 11.7266 0.542921 0.228754 0.313743 0.74463
1.68495 7.37285 -4.44407 11.7266 0.543491 0.227396 0.31188 0.745412
1.70963 7.12603 -4.44336 11.7266 0.544621 0.224676 0.308149 0.746962
1.72077 7.01466 -4.44193 11.7266 0.545738 0.22195 0.304411 0.748494
1.73494 6.91218 -4.53983 11.7266 0.546841 0.219219 0.300664 0.750006
1.75812 6.74379 -4.69909 11.7266 0.545508 0.217103 0.299332 0.752122
1.77003 6.65643 -4.78007 11.7266 0.546587 0.214373 0.295568 0.753609
1.78758 6.52713 -4.89874 11.7266 0.547121 0.213006 0.293683 0.754346
1.80449 6.40258 -5.01304 11.7266 0.547121 0.213006 0.293683 0.754346
1.82444 6.25488 -5.14724 11.7266 0.547652 0.211637 0.291796 0.755077
1.83751 6.15731 -5.23413 11.7266 0.548703 0.208897 0.288017 0.756527
1.85176 6.0504 -5.32838 11.7266 0.549224 0.207524 0.286125 0.757245
1.87382 5.88349 -5.47258 11.7266 0.550255 0.204775 0.282335 0.758666
1.88674 5.78525 -5.55659 11.7266 0.550765 0.203399 0.280437 0.759369
1.90432 5.65115 -5.67013 11.7266 0.54937 0.201325 0.279042 0.761444
1.91848 5.54259 -5.76111 11.7266 0.549871 0.199951 0.277138 0.762139
1.9359 5.40907 -5.87301 11.7266 0.549871 0.199951 0.277138 0.762139
1.95808 5.23838 -6.01461 11.7266 0.550369 0.198575 0.275232 0.762829
1.97102 5.13837 -6.09674 11.7266 0.550864 0.197199 0.273324 0.763515
1.98424 5.03541 -6.17959 11.7266 0.551843 0.194442 0.269503 0.764872
2.00406 4.8803 -6.30311 11.7266 0.550412 0.192392 0.268072 0.766922
2.0247 4.71822 -6.43087 11.7266 0.550891 0.191016 0.266153 0.76759
2.03754 4.61702 -6.50982 11.7266 0.551367 0.189638 0.264234 0.768253
2.05173 4.5047 -6.59655 11.7266 0.55184 0.188259 0.262312 0.768911
2.06976 4.36195 -6.70677 11.7266 0.55184 0.188259 0.262312 0.768911
2.09273 4.17945 -6.84625 11.7266 0.552308 0.186879 0.260389 0.769564
2.10537 4.0787 -6.92245 11.7266 0.552774 0.185497 0.258464 0.770213
2.11766 3.98066 -6.9966 11.7266 0.552774 0.185497 0.258464 0.770213
2.14372 3.77126 -7.1517 11.7266 0.551764 0.182094 0.255066 0.772877
2.15624 3.67025 -7.22575 11.7266 0.552218 0.180714 0.253133 0.773513
2.16765 3.57825 -7.29318 11.7266 0.552218 0.180714 0.253133 0.773513
2.18377 3.44776 -7.38783 11.7266 0.552668 0.179333 0.251198 0.774143
2.20403 3.28252 -7.50518 11.7266 0.553557 0.176567 0.247325 0.775389
2.22547 3.1071 -7.62845 11.7266 0.553997 0.175183 0.245385 0.776005
2.23559 3.02405 -7.68619 11.7266 0.554433 0.173797 0.243445 0.776616
2.25076 2.89904 -7.77217 11.7266 0.554866 0.172411 0.241502 0.777222
2.26956 2.74362 -7.87795 11.7266 0.555295 0.171023 0.239559 0.777824
2.29283 2.55062 -8.00788 11.7266 0.555721 0.169634 0.237613 0.77842
2.30621 2.43924 -8.08206 11.7266 0.556144 0.168244 0.235666 0.779012
2.31791 2.32454 -8.05906 11.7266 0.556144 0.168244 0.235666 0.779012
2.33619 2.14544 -8.02222 11.7266 0.556562 0.166853 0.233718 0.779599
2.35818 1.93031 -7.97685 11.7266 0.556978 0.165462 0.231768 0.78018
2.37191 1.79608 -7.94784 11.7266 0.55739 0.164069 0.229817 0.780757
2.38476 1.67065 -7.92007 11.7266 0.557798 0.162675 0.227865 0.78133
2.40272 1.49544 -7.88036 11.7266 0.558203 0.16128 0.225911 0.781897
2.42495 1.27896 -7.83016 11.7266 0.558605 0.159884 0.223955 0.782459
2.43842 1.14775 -7.79973 11.7266 0.558605 0.159884 0.223955 0.782459
2.45052 1.02994 -7.77179 11.7266 0.559003 0.158487 0.221998 0.783017
2.46784 0.861455 -7.73184 11.7266 0.559003 0.158487 0.221998 0.783017
2.49358 0.611313 -7.67119 11.7266 0.559397 0.157089 0.22004 0.783569
2.50531 0.497456 -7.64298 11.7266 0.561747 0.156234 0.217691 0.782715
2.51722 0.382014 -7.61376 11.7266 0.562135 0.15483 0.215733 0.783257
2.54069 0.154785 -7.55505 11.7266 0.562521 0.153424 0.213774 0.783794
2.55461 0.0201886 -7.51955 11.7266 0.562902 0.152017 0.211814 0.784326
2.57042 -0.132526 -7.47846 11.7266 0.563281 0.150609 0.209853 0.784853
2.58382 -0.261709 -7.443 11.7266 0.563655 0.1492 0.20789 0.785375
2.60393 -0.455388 -7.3888 11.7266 0.564027 0.147791 0.205926 0.785892
2.62516 -0.640906 -7.49197 11.7266 0.566359 0.14689 0.203594 0.784991
2.63721 -0.746253 -7.55056 11.7266 0.566359 0.14689 0.203594 0.784991
2.65083 -0.830661 -7.59695 11.6302 0.566724 0.145473 0.201631 0.785497
2.66948 -0.94653 -7.65988 11.4984 0.567086 0.144056 0.199666 0.785999
2.69297 -1.09287 -7.73841 11.3323 0.569409 0.143132 0.197344 0.785075
2.70495 -1.16773 -7.7781 11.2476 0.569765 0.141708 0.19538 0.785566
2.71769 -1.24735 -7.82032 11.1575 0.569765 0.141708 0.19538 0.785566
2.7359 -1.36141 -7.88007 11.0287 0.570117 0.140283 0.193416 0.786052
2.75846 -1.50306 -7.95337 10.8692 0.572431 0.139335 0.191102 0.785104
2.77195 -1.58777 -7.99721 10.7738 0.572431 0.139335 0.191102 0.785104
2.78604 -1.67672 -8.04212 10.6742 0.575084 0.136939 0.186833 0.784615
2.80747 -1.81201 -8.11041 10.5226 0.575084 0.136939 0.186833 0.784615
2.82235 -1.90618 -8.15737 10.4174 0.577385 0.135963 0.184531 0.783638
2.83663 -1.99675 -8.20196 10.3165 0.577723 0.134519 0.182572 0.784097
2.85053 -2.08512 -8.24493 10.2182 0.580017 0.133525 0.180278 0.783103
2.86797 -2.19633 -8.29831 10.0948 0.580349 0.132075 0.178319 0.783552
2.89088 -2.34272 -8.36769 9.93283 0.58459 0.131504 0.175704 0.781082
2.90463 -2.43074 -8.40885 9.83566 0.586869 0.130476 0.173426 0.780054
2.91853 -2.51977 -8.4505 9.73737 0.590762 0.131341 0.172771 0.77711
2.93603 -2.63191 -8.50296 9.61356 0.592703 0.131773 0.172442 0.77563
2.9582 -2.77387 -8.56936 9.45684 0.59464 0.132203 0.172112 0.774146
2.9722 -2.86373 -8.61085 9.35787 0.598834 0.131566 0.169521 0.77159
2.98485 -2.94519 -8.64797 9.26835 0.60109 0.130487 0.167265 0.770511
3.01009 -3.10791 -8.72113 9.08994 0.603339 0.129397 0.165016 0.769421
3.02225 -3.18656 -8.75602 9.00389 0.607503 0.128702 0.16245 0.766803
3.03392 -3.26211 -8.78908 8.92143 0.609739 0.127583 0.160214 0.765685
3.05078 -3.37161 -8.83635 8.80217 0.613878 0.126849 0.157667 0.763023
3.0706 -3.50052 -8.89124 8.66205 0.618003 0.126091 0.155131 0.760334
3.09128 -3.63504 -8.94852 8.51585 0.621797 0.126865 0.154498 0.757235
3.10171 -3.70304 -8.97707 8.44209 0.625892 0.126071 0.151976 0.754498
3.11786 -3.80834 -9.02128 8.32789 0.629657 0.12683 0.151344 0.75136
3.14186 -3.96547 -9.08542 8.15817 0.635906 0.124783 0.146653 0.747359
3.15442 -4.04786 -9.11857 8.06937 0.639947 0.123915 0.144167 0.744533
3.17048 -4.15344 -9.16044 7.95579 0.643971 0.123025 0.141692 0.74168
3.18364 -4.24011 -9.19431 7.86273 0.647979 0.122113 0.139228 0.738801
3.20165 -4.35898 -9.24008 7.73535 0.650128 0.120835 0.137079 0.737524
3.22654 -4.52352 -9.30248 7.55938 0.654109 0.119884 0.134637 0.734603
3.23662 -4.59029 -9.32743 7.48811 0.6599 0.119241 0.13191 0.730009
3.25054 -4.6825 -9.36188 7.38967 0.663542 0.119899 0.131312 0.7267
3.27021 -4.81303 -9.4099 7.25059 0.667467 0.118886 0.128902 0.723698
3.29136 -4.95367 -9.46085 7.101 0.66957 0.117534 0.126799 0.722346
3.30356 -5.03493 -9.48982 7.01473 0.671666 0.116172 0.124702 0.720984
3.31715 -5.1256 -9.52164 6.91864 0.673755 0.1148 0.122613 0.719611
3.3368 -5.25694 -9.567 6.77969 0.675838 0.113417 0.12053 0.718228
3.35802 -5.39896 -9.61526 6.62969 0.677914 0.112023 0.118455 0.716835
3.37013 -5.48006 -9.64281 6.54404 0.679704 0.112319 0.118174 0.715138
3.38414 -5.57398 -9.6742 6.44501 0.679982 0.110619 0.116386 0.715431
3.40689 -5.7266 -9.72521 6.28409 0.679982 0.110619 0.116386 0.715431
3.42114 -5.82216 -9.75715 6.18334 0.679982 0.110619 0.116386 0.715431
3.43671 -5.9266 -9.79205 6.07322 0.679982 0.110619 0.116386 0.715431
3.45036 -6.01828 -9.82218 5.97672 0.680257 0.108919 0.114597 0.71572
3.47495 -6.18344 -9.87646 5.80287 0.680257 0.108919 0.114597 0.71572
3.48767 -6.26907 -9.90413 5.71288 0.682315 0.1075 0.112539 0.714301
3.5034 -6.37506 -9.93779 5.60167 0.686146 0.106346 0.110223 0.711158
3.51712 -6.46766 -9.96669 5.50467 0.686409 0.10463 0.108444 0.711431
3.54139 -6.63175 -10.017 5.33304 0.688446 0.10318 0.106408 0.709981
3.55446 -6.7202 -10.0436 5.24066 0.690475 0.10172 0.104379 0.708521
3.5703 -6.82766 -10.0754 5.1286 0.694263 0.100505 0.102106 0.705317
3.58419 -6.92182 -10.1033 5.03041 0.696024 0.10076 0.101854 0.703579
3.60237 -7.04528 -10.1391 4.90185 0.698031 0.09927 0.0998471 0.702089
3.62436 -7.1948 -10.1817 4.74637 0.700031 0.0977695 0.0978474 0.700589
3.63793 -7.28722 -10.2075 4.65042 0.702023 0.0962591 0.0958553 0.699078
3.65044 -7.37243 -10.2314 4.56195 0.705509 0.0967371 0.0953728 0.695559
3.667 -7.48539 -10.2623 4.44482 0.709219 0.09544 0.0931576 0.692258
3.68685 -7.62093 -10.2987 4.30447 0.712909 0.0941227 0.0909572 0.688933
3.70794 -7.76492 -10.3374 4.15537 0.714629 0.0943498 0.0907216 0.687148
3.71813 -7.83461 -10.3558 4.0833 0.716579 0.0927851 0.0887718 0.685584
3.73983 -7.98336 -10.3934 3.92988 0.720455 0.0896267 0.0848957 0.682425
3.75449 -8.12591 -10.4279 3.92988 0.722599 0.0862267 0.0812672 0.681037
3.77001 -8.27709 -10.4629 3.92988 0.724722 0.0828071 0.0776542 0.679625
3.78365 -8.27709 -10.4629 3.92988 0.728518 0.0795527 0.0738583 0.676371
3.8039 -8.27709 -10.4629 3.92988 0.732282 0.0762606 0.0700951 0.673079
3.82392 -8.27709 -10.4629 3.92988 0.735827 0.0747708 0.0680392 0.669581
3.83641 -8.27709 -10.4629 3.92988 0.736367 0.06925 0.0630155 0.670072
3.8517 -8.42746 -10.4907 3.92988 0.736538 0.0674089 0.0613401 0.670228
3.87455 -8.65232 -10.531 3.92988 0.736704 0.0655673 0.0596643 0.670379
3.88754 -8.78038 -10.5533 3.92988 0.73854 0.0638701 0.0578287 0.668682
3.89988 -8.90199 -10.5739 3.92988 0.740367 0.0621638 0.0560016 0.666976
3.91676 -9.06844 -10.602 3.92988 0.740367 0.0621638 0.0560016 0.666976
3.94359 -9.06844 -10.602 3.92988 0.74052 0.0603127 0.054334 0.667113
3.95419 -9.06844 -10.602 3.92988 0.74052 0.0603127 0.054334 0.667113
3.96684 -9.06844 -10.602 3.92988 0.74052 0.0603127 0.054334 0.667113
3.98376 -9.06844 -10.602 3.92988 0.74052 0.0603127 0.054334 0.667113
4.01049 -9.06844 -10.602 3.92988 0.74052 0.0603127 0.054334 0.667113
4.02121 -9.06844 -10.602 3.92988 0.74052 0.0603127 0.054334 0.667113
4.03324 -9.06844 -10.602 3.92988 0.74052 0.0603127 0.054334 0.667113
4.05005 -9.06844 -10.602 3.92988 0.74052 0.0603127 0.054334 0.667113
4.07616 -9.06844 -10.602 3.92988 0.74052 0.0603127 0.054334 0.667113
4.08739 -9.06844 -10.602 3.92988 0.74052 0.0603127 0.054334 0.667113
4.09979 -9.06844 -10.602 3.92988 0.74052 0.0603127 0.054334 0.667113
4.11669 -9.06844 -10.602 3.92988 0.74052 0.0603127 0.054334 0.667113
4.14326 -9.06844 -10.602 3.92988 0.74052 0.0603127 0.054334 0.667113
4.15408 -9.06845 -10.602 3.92988 0.742185 0.0604483 0.054183 0.66526
4.16679 -9.06845 -10.602 3.92988 0.742185 0.0604483 0.054183 0.66526
4.18329 -9.06845 -10.602 3.92988 0.742185 0.0604483 0.054183 0.66526
4.20813 -9.06845 -10.602 3.92988 0.742185 0.0604483 0.054183 0.66526
4.22075 -9.06845 -10.602 3.92988 0.742185 0.0604483 0.054183 0.66526
4.23327 -9.06845 -10.602 3.92988 0.742185 0.0604483 0.054183 0.66526
4.2501 -9.06844 -10.602 3.92988 0.742032 0.0623036 0.055846 0.665123
4.27619 -9.06845 -10.602 3.92988 0.743534 0.064302 0.0573481 0.663124
4.2853 -9.06845 -10.602 3.92988 0.743534 0.064302 0.0573481 0.663124
4.29995 -9.06845 -10.602 3.92988 0.743534 0.064302 0.0573481 0.663124
4.31657 -9.06845 -10.602 3.92988 0.743534 0.064302 0.0573481 0.663124
4.343 -9.06845 -10.602 3.92988 0.745189 0.0644452 0.0571871 0.661263
4.35186 -9.06845 -10.602 3.92988 0.745189 0.0644452 0.0571871 0.661263
4.36712 -9.06845 -10.602 3.92988 0.745189 0.0644452 0.0571871 0.661263
4.38398 -9.06845 -10.602 3.92988 0.745189 0.0644452 0.0571871 0.661263
4.40155 -9.06845 -10.602 3.92988 0.745189 0.0644452 0.0571871 0.661263
4.42414 -9.06845 -10.602 3.92988 0.745189 0.0644452 0.0571871 0.661263
4.43564 -9.06845 -10.602 3.92988 0.745189 0.0644452 0.0571871 0.661263
4.45041 -9.06845 -10.602 3.92988 0.745189 0.0644452 0.0571871 0.661263
4.46924 -9.06845 -10.602 3.92988 0.745189 0.0644452 0.0571871 0.661263
4.49003 -9.06845 -10.602 3.92988 0.745189 0.0644452 0.0571871 0.661263
4.50425 -9.06845 -10.602 3.92988 0.745189 0.0644452 0.0571871 0.661263
4.51705 -9.06845 -10.602 3.92988 0.745189 0.0644452 0.0571871 0.661263
4.53514 -9.06845 -10.602 3.92988 0.745189 0.0644452 0.0571871 0.661263
4.55764 -9.06845 -10.602 3.92988 0.745189 0.0644452 0.0571871 0.661263
4.57095 -9.06845 -10.602 3.92988 0.745189 0.0644452 0.0571871 0.661263
4.58492 -9.06845 -10.602 3.92988 0.745189 0.0644452 0.0571871 0.661263
4.60847 -9.06845 -10.602 3.92988 0.745189 0.0644452 0.0571871 0.661263
4.62106 -9.06845 -10.602 3.92988 0.745189 0.0644452 0.0571871 0.661263
4.6341 -9.06845 -10.602 3.92988 0.745189 0.0644452 0.0571871 0.661263
4.65076 -9.06845 -10.602 3.92988 0.745189 0.0644452 0.0571871 0.661263
4.66848 -9.06845 -10.602 3.92988 0.745189 0.0644452 0.0571871 0.661263
4.6913 -9.06845 -10.602 3.92988 0.745189 0.0644452 0.0571871 0.661263
4.70146 -9.06845 -10.602 3.92988 0.745189 0.0644452 0.0571871 0.661263
4.71684 -9.06845 -10.602 3.92988 0.745189 0.0644452 0.0571871 0.661263
4.73652 -9.06845 -10.602 3.92988 0.745189 0.0644452 0.0571871 0.661263
4.75653 -9.06845 -10.602 3.92988 0.745189 0.0644452 0.0571871 0.661263
4.76962 -9.06845 -10.602 3.92988 0.745189 0.0644452 0.0571871 0.661263
4.78586 -9.06845 -10.602 3.92988 0.745189 0.0644452 0.0571871 0.661263
4.80569 -9.06845 -10.602 3.92988 0.745189 0.0644452 0.0571871 0.661263
4.82134 -9.06845 -10.602 3.92988 0.745189 0.0644452 0.0571871 0.661263
4.83573 -9.06845 -10.602 3.92988 0.745189 0.0644452 0.0571871 0.661263
4.85013 -9.06845 -10.602 3.92988 0.745189 0.0644452 0.0571871 0.661263
4.87481 -9.06845 -10.602 3.92988 0.745189 0.0644452 0.0571871 0.661263
4.88766 -9.06845 -10.602 3.92988 0.745189 0.0644452 0.0571871 0.661263
4.89998 -9.06845 -10.602 3.92988 0.745189 0.0644452 0.0571871 0.661263
4.91668 -9.06845 -10.602 3.92988 0.745189 0.0644452 0.0571871 0.661263
4.93513 -9.06845 -10.602 3.92988 0.745189 0.0644452 0.0571871 0.661263
4.95821 -9.06845 -10.602 3.92988 0.745189 0.0644452 0.0571871 0.661263
4.96823 -9.06845 -10.602 3.92988 0.745189 0.0644452 0.0571871 0.661263
4.98542 -9.06845 -10.602 3.92988 0.745189 0.0644452 0.0571871 0.661263
5.0065 -9.06845 -10.602 3.92988 0.745189 0.0644452 0.0571871 0.661263
5.02088 -9.06845 -10.602 3.92988 0.745189 0.0644452 0.0571871 0.661263
5.03333 -9.06845 -10.602 3.92988 0.745189 0.0644452 0.0571871 0.661263
5.0503 -9.06845 -10.602 3.92988 0.745189 0.0644452 0.0571871 0.661263
5.07625 -9.06845 -10.602 3.92988 0.745189 0.0644452 0.0571871 0.661263
5.08748 -9.06845 -10.602 3.92988 0.745189 0.0644452 0.0571871 0.661263
5.09993 -9.06845 -10.602 3.92988 0.745189 0.0644452 0.0571871 0.661263
5.1167 -9.06845 -10.602 3.92988 0.745189 0.0644452 0.0571871 0.661263
5.14314 -9.06845 -10.602 3.92988 0.745189 0.0644452 0.0571871 0.661263
5.15351 -9.06845 -10.602 3.92988 0.745189 0.0644452 0.0571871 0.661263
5.1669 -9.06845 -10.602 3.92988 0.745189 0.0644452 0.0571871 0.661263
5.18347 -9.06845 -10.602 3.92988 0.745189 0.0644452 0.0571871 0.661263
5.20159 -9.06845 -10.602 3.92988 0.745189 0.0644452 0.0571871 0.661263
5.22333 -9.06845 -10.602 3.92988 0.745189 0.0644452 0.0571871 0.661263
5.23533 -9.06845 -10.602 3.92988 0.745189 0.0644452 0.0571871 0.661263
5.25034 -9.06845 -10.602 3.92988 0.745189 0.0644452 0.0571871 0.661263
5.26827 -9.06845 -10.602 3.92988 0.745189 0.0644452 0.0571871 0.661263
5.29108 -9.06845 -10.602 3.92988 0.745189 0.0644452 0.0571871 0.661263
5.30252 -9.06845 -10.602 3.92988 0.745189 0.0644452 0.0571871 0.661263
5.31661 -9.06845 -10.602 3.92988 0.745189 0.0644452 0.0571871 0.661263
5.33876 -9.06845 -10.602 3.92988 0.745189 0.0644452 0.0571871 0.661263
5.35408 -9.06845 -10.602 3.92988 0.745189 0.0644452 0.0571871 0.661263
5.36988 -9.06845 -10.602 3.92988 0.745189 0.0644452 0.0571871 0.661263
5.38336 -9.06845 -10.602 3.92988 0.745189 0.0644452 0.0571871 0.661263
5.40159 -9.06845 -10.602 3.92988 0.745189 0.0644452 0.0571871 0.661263
5.42466 -9.06845 -10.602 3.92988 0.745189 0.0644452 0.0571871 0.661263
5.43626 -9.06845 -10.602 3.92988 0.745189 0.0644452 0.0571871 0.661263
5.45041 -9.06845 -10.602 3.92988 0.745189 0.0644452 0.0571871 0.661263
5.46987 -9.06845 -10.602 3.92988 0.745189 0.0644452 0.0571871 0.661263
5.49002 -9.06845 -10.602 3.92988 0.745189 0.0644452 0.0571871 0.661263
5.50314 -9.06845 -10.602 3.92988 0.745189 0.0644452 0.0571871 0.661263
5.51686 -9.06845 -10.602 3.92988 0.745189 0.0644452 0.0571871 0.661263
5.54291 -9.06845 -10.602 3.92988 0.745189 0.0644452 0.0571871 0.661263
5.55422 -9.06845 -10.602 3.92988 0.745189 0.0644452 0.0571871 0.661263
5.56685 -9.06845 -10.602 3.92988 0.745189 0.0644452 0.0571871 0.661263
5.58353 -9.06845 -10.602 3.92988 0.745189 0.0644452 0.0571871 0.661263
5.60301 -9.06845 -10.602 3.92988 0.745189 0.0644452 0.0571871 0.661263
5.6243 -9.06845 -10.602 3.92988 0.745189 0.0644452 0.0571871 0.661263
5.63466 -9.06845 -10.602 3.92988 0.745189 0.0644452 0.0571871 0.661263
5.65231 -9.06845 -10.602 3.92988 0.745189 0.0644452 0.0571871 0.661263
5.67484 -9.06845 -10.602 3.92988 0.745189 0.0644452 0.0571871 0.661263
5.68625 -9.06845 -10.602 3.92988 0.745189 0.0644452 0.0571871 0.661263
5.69998 -9.06845 -10.602 3.92988 0.745189 0.0644452 0.0571871 0.661263
5.718 -9.06845 -10.602 3.92988 0.745189 0.0644452 0.0571871 0.661263
5.74172 -9.06845 -10.602 3.92988 0.745189 0.0644452 0.0571871 0.661263
5.75125 -9.06845 -10.602 3.92988 0.745189 0.0644452 0.0571871 0.661263
5.76724 -9.06845 -10.602 3.92988 0.745189 0.0644452 0.0571871 0.661263
5.78452 -9.06845 -10.602 3.92988 0.745189 0.0644452 0.0571871 0.661263
5.80833 -9.06845 -10.602 3.92988 0.745189 0.0644452 0.0571871 0.661263
5.81787 -9.06845 -10.602 3.92988 0.745189 0.0644452 0.0571871 0.661263
5.8346 -9.06845 -10.602 3.92988 0.745189 0.0644452 0.0571871 0.661263
5.85011 -9.06845 -10.602 3.92988 0.745189 0.0644452 0.0571871 0.661263
5.8683 -9.06845 -10.602 3.92988 0.745189 0.0644452 0.0571871 0.661263
5.88989 -9.06845 -10.602 3.92988 0.745189 0.0644452 0.0571871 0.661263
5.90199 -9.06845 -10.602 3.92988 0.745189 0.0644452 0.0571871 0.661263
5.91759 -9.06845 -10.602 3.92988 0.745189 0.0644452 0.0571871 0.661263
5.94156 -9.06845 -10.602 3.92988 0.745189 0.0644452 0.0571871 0.661263
5.95422 -9.06845 -10.602 3.92988 0.745189 0.0644452 0.0571871 0.661263
5.96705 -9.06845 -10.602 3.92988 0.745189 0.0644452 0.0571871 0.661263
5.98325 -9.06845 -10.602 3.92988 0.745189 0.0644452 0.0571871 0.661263
6.00303 -9.06845 -10.602 3.92988 0.745189 0.0644452 0.0571871 0.661263
6.02317 -9.06845 -10.602 3.92988 0.745189 0.0644452 0.0571871 0.661263
6.03458 -9.06845 -10.602 3.92988 0.745189 0.0644452 0.0571871 0.661263
6.05081 -9.06845 -10.602 3.92988 0.745189 0.0644452 0.0571871 0.661263
6.07485 -9.06845 -10.602 3.92988 0.745189 0.0644452 0.0571871 0.661263
6.08626 -9.06845 -10.602 3.92988 0.745189 0.0644452 0.0571871 0.661263
6.10021 -9.06845 -10.602 3.92988 0.745189 0.0644452 0.0571871 0.661263
6.11706 -9.06845 -10.602 3.92988 0.745189 0.0644452 0.0571871 0.661263
6.14027 -9.06845 -10.602 3.92988 0.745189 0.0644452 0.0571871 0.661263
6.15157 -9.06845 -10.602 3.92988 0.745189 0.0644452 0.0571871 0.661263
6.16848 -9.06845 -10.602 3.92988 0.745189 0.0644452 0.0571871 0.661263
6.18348 -9.06845 -10.602 3.92988 0.745189 0.0644452 0.0571871 0.661263
6.20321 -9.06845 -10.602 3.92988 0.745189 0.0644452 0.0571871 0.661263
6.22352 -9.06845 -10.602 3.92988 0.745189 0.0644452 0.0571871 0.661263
6.23461 -9.06845 -10.602 3.92988 0.745189 0.0644452 0.0571871 0.661263
6.25035 -9.06845 -10.602 3.92988 0.745189 0.0644452 0.0571871 0.661263
6.27632 -9.06845 -10.602 3.92988 0.745189 0.0644452 0.0571871 0.661263
6.28842 -9.06845 -10.602 3.92988 0.745189 0.0644452 0.0571871 0.661263
6.30044 -9.06845 -10.602 3.92988 0.745189 0.0644452 0.0571871 0.661263
6.31692 -9.06845 -10.602 3.92988 0.745189 0.0644452 0.0571871 0.661263
6.34301 -9.06845 -10.602 3.92988 0.745189 0.0644452 0.0571871 0.661263
6.35206 -9.06845 -10.602 3.92988 0.745189 0.0644452 0.0571871 0.661263
6.36747 -9.06845 -10.602 3.92988 0.745189 0.0644452 0.0571871 0.661263
6.38427 -9.06845 -10.602 3.92988 0.745189 0.0644452 0.0571871 0.661263
6.40831 -9.06845 -10.602 3.92988 0.745189 0.0644452 0.0571871 0.661263
6.41951 -9.06845 -10.602 3.92988 0.745189 0.0644452 0.0571871 0.661263
6.43376 -9.06845 -10.602 3.92988 0.745189 0.0644452 0.0571871 0.661263
6.4502 -9.06845 -10.602 3.92988 0.745189 0.0644452 0.0571871 0.661263
6.47357 -9.06845 -10.602 3.92988 0.745189 0.0644452 0.0571871 0.661263
6.48437 -9.06845 -10.602 3.92988 0.745189 0.0644452 0.0571871 0.661263
6.50125 -9.06845 -10.602 3.92988 0.745189 0.0644452 0.0571871 0.661263
6.51686 -9.06845 -10.602 3.92988 0.745189 0.0644452 0.0571871 0.661263
6.54031 -9.06845 -10.602 3.92988 0.745189 0.0644452 0.0571871 0.661263
6.55283 -9.06845 -10.602 3.92988 0.745189 0.0644452 0.0571871 0.661263
6.5696 -9.06845 -10.602 3.92988 0.745189 0.0644452 0.0571871 0.661263
6.58333 -9.06845 -10.602 3.92988 0.745189 0.0644452 0.0571871 0.661263
6.60529 -9.06845 -10.602 3.92988 0.745189 0.0644452 0.0571871 0.661263
6.62075 -9.06845 -10.602 3.92988 0.745189 0.0644452 0.0571871 0.661263
6.63632 -9.06845 -10.602 3.92988 0.745189 0.0644452 0.0571871 0.661263
6.65033 -9.06845 -10.602 3.92988 0.745189 0.0644452 0.0571871 0.661263
6.66828 -9.06845 -10.602 3.92988 0.745189 0.0644452 0.0571871 0.661263
6.69106 -9.06845 -10.602 3.92988 0.745189 0.0644452 0.0571871 0.661263
6.70129 -9.06845 -10.602 3.92988 0.745189 0.0644452 0.0571871 0.661263
6.71694 -9.06845 -10.602 3.92988 0.745189 0.0644452 0.0571871 0.661263
6.73455 -9.06845 -10.602 3.92988 0.745189 0.0644452 0.0571871 0.661263
6.75829 -9.06845 -10.602 3.92988 0.745189 0.0644452 0.0571871 0.661263
6.76812 -9.06845 -10.602 3.92988 0.745189 0.0644452 0.0571871 0.661263
6.79057 -9.06845 -10.602 3.92988 0.745189 0.0644452 0.0571871 0.661263
6.80777 -9.06845 -10.602 3.92988 0.745189 0.0644452 0.0571871 0.661263
6.81945 -9.06845 -10.602 3.92988 0.745189 0.0644452 0.0571871 0.661263
6.83578 -9.06845 -10.602 3.92988 0.745189 0.0644452 0.0571871 0.661263
6.85027 -9.06845 -10.602 3.92988 0.745189 0.0644452 0.0571871 0.661263
6.86791 -9.06845 -10.602 3.92988 0.745189 0.0644452 0.0571871 0.661263
6.89151 -9.06845 -10.602 3.92988 0.745189 0.0644452 0.0571871 0.661263
6.90114 -9.06845 -10.602 3.92988 0.745189 0.0644452 0.0571871 0.661263
6.91687 -9.06845 -10.602 3.92988 0.745189 0.0644452 0.0571871 0.661263
6.94297 -9.06845 -10.602 3.92988 0.745189 0.0644452 0.0571871 0.661263
6.95429 -9.06845 -10.602 3.92988 0.745189 0.0644452 0.0571871 0.661263
6.96661 -9.06845 -10.602 3.92988 0.745189 0.0644452 0.0571871 0.661263
6.98364 -9.06845 -10.602 3.92988 0.745189 0.0644452 0.0571871 0.661263
7.0016 -9.06845 -10.602 3.92988 0.745189 0.0644452 0.0571871 0.661263
7.025 -9.06845 -10.602 3.92988 0.745189 0.0644452 0.0571871 0.661263
7.03465 -9.06845 -10.602 3.92988 0.745189 0.0644452 0.0571871 0.661263
7.05016 -9.06845 -10.602 3.92988 0.745189 0.0644452 0.0571871 0.661263
7.07628 -9.06845 -10.602 3.92988 0.745189 0.0644452 0.0571871 0.661263
7.08752 -9.06845 -10.602 3.92988 0.745189 0.0644452 0.0571871 0.661263
