0.0173292 6.44208 -6.15248 0.758152 0.556717 -0.356838 -0.404808 0.631556
0.0261311 6.44208 -6.15248 0.758152 0.556717 -0.356838 -0.404808 0.631556
0.0439974 6.44208 -6.15248 0.758152 0.556717 -0.356838 -0.404808 0.631556
0.0657623 6.44208 -6.15248 0.758152 0.556717 -0.356838 -0.404808 0.631556
0.0839561 6.44208 -6.15248 0.758152 0.556717 -0.356838 -0.404808 0.631556
0.0922032 6.44208 -6.15248 0.758152 0.556717 -0.356838 -0.404808 0.631556
0.109794 6.44208 -6.15248 0.758152 0.556717 -0.356838 -0.404808 0.631556
0.127264 6.44208 -6.15248 0.758152 0.556717 -0.356838 -0.404808 0.631556
0.150308 6.44208 -6.15248 0.758152 0.556717 -0.356838 -0.404808 0.631556
0.162634 6.44208 -6.15248 0.758152 0.556717 -0.356838 -0.404808 0.631556
0.175728 6.44208 -6.15248 0.758152 0.556717 -0.356838 -0.404808 0.631556
0.194171 6.44208 -6.15248 0.758152 0.556717 -0.356838 -0.404808 0.631556
0.210583 6.44208 -6.15248 0.758152 0.556717 -0.356838 -0.404808 0.631556
0.23309 6.44208 -6.15248 0.758152 0.556717 -0.356838 -0.404808 0.631556
0.248495 6.44208 -6.15248 0.758152 0.556717 -0.356838 -0.404808 0.631556
0.267162 6.44208 -6.15248 0.758152 0.556717 -0.356838 -0.404808 0.631556
0.27897 6.44208 -6.15248 0.758152 0.556717 -0.356838 -0.404808 0.631556
0.291737 6.44208 -6.15248 0.758152 0.556717 -0.356838 -0.404808 0.631556
0.309852 6.44208 -6.15248 0.758152 0.556717 -0.356838 -0.404808 0.631556
0.334363 6.44208 -6.15248 0.758152 0.556717 -0.356838 -0.404808 0.631556
0.349735 6.44208 -6.15248 0.758152 0.556717 -0.356838 -0.404808 0.631556
0.358846 6.44208 -6.15248 0.758152 0.556717 -0.356838 -0.404808 0.631556
0.375385 6.44208 -6.15248 0.758152 0.556717 -0.356838 -0.404808 0.631556
0.394437 6.44208 -6.15248 0.758152 0.556717 -0.356838 -0.404808 0.631556
0.416948 6.44208 -6.15248 0.758152 0.556717 -0.356838 -0.404808 0.631556
0.433472 6.44208 -6.15248 0.758152 0.556717 -0.356838 -0.404808 0.631556
0.441918 6.44208 -6.15248 0.758152 0.556717 -0.356838 -0.404808 0.631556
0.460103 6.44208 -6.15248 0.758152 0.556717 -0.356838 -0.404808 0.631556
0.478084 6.44208 -6.15248 0.758152 0.556717 -0.356838 -0.404808 0.631556
0.499939 6.44208 -6.15248 0.758152 0.556717 -0.356838 -0.404808 0.631556
0.511523 6.47365 -6.13797 0.758152 0.556717 -0.356838 -0.404808 0.631556
0.525123 6.51073 -6.12093 0.758152 0.556717 -0.356838 -0.404808 0.631556
0.544047 6.56231 -6.09722 0.758152 0.556717 -0.356838 -0.404808 0.631556
0.561812 6.61074 -6.07497 0.758152 0.556717 -0.356838 -0.404808 0.631556
0.577201 6.65269 -6.05568 0.758152 0.556717 -0.356838 -0.404808 0.631556
0.59762 6.70809 -6.02955 0.758152 0.558495 -0.35405 -0.401645 0.633572
0.612879 6.74939 -6.00981 0.758152 0.559378 -0.352653 -0.400059 0.634575
0.62514 6.78258 -5.99395 0.758152 0.559378 -0.352653 -0.400059 0.634575
0.643732 6.8329 -5.9699 0.758152 0.559378 -0.352653 -0.400059 0.634575
0.663463 6.88631 -5.94438 0.758152 0.559378 -0.352653 -0.400059 0.634575
0.684178 6.94238 -5.91758 0.758152 0.559378 -0.352653 -0.400059 0.634575
0.692189 6.96407 -5.90722 0.758152 0.559378 -0.352653 -0.400059 0.634575
0.708475 7.00815 -5.88615 0.758152 0.559378 -0.352653 -0.400059 0.634575
0.72546 7.05412 -5.86418 0.758152 0.559378 -0.352653 -0.400059 0.634575
0.742704 7.1008 -5.84188 0.758152 0.559378 -0.352653 -0.400059 0.634575
0.764628 7.16014 -5.81352 0.758152 0.559378 -0.352653 -0.400059 0.634575
0.785404 7.21625 -5.78636 0.758152 0.560258 -0.351253 -0.398472 0.635573
0.792873 7.23637 -5.7765 0.758152 0.562724 -0.350843 -0.396006 0.635162
0.809034 7.2799 -5.75516 0.758152 0.56431 -0.351831 -0.395127 0.633753
0.827726 7.33012 -5.73023 0.758152 0.566773 -0.351402 -0.392665 0.633324
0.84521 7.37699 -5.70667 0.758152 0.569234 -0.350961 -0.390204 0.632883
0.85954 7.4154 -5.68736 0.758152 0.569234 -0.350961 -0.390204 0.632883
0.877527 7.46663 -5.70431 0.758152 0.569234 -0.350961 -0.390204 0.632883
0.898993 7.52776 -5.72455 0.758152 0.569234 -0.350961 -0.390204 0.632883
0.913331 7.56867 -5.73786 0.758152 0.571692 -0.350507 -0.387745 0.632429
0.924965 7.60196 -5.74832 0.758152 0.576602 -0.349563 -0.382835 0.631485
0.947337 7.66619 -5.76781 0.758152 0.581502 -0.34857 -0.377935 0.630491
0.963796 7.71351 -5.78191 0.758152 0.583949 -0.348054 -0.375489 0.629976
0.97597 7.74856 -5.79217 0.758152 0.584817 -0.346594 -0.373913 0.630913
0.997303 7.81016 -5.80952 0.758152 0.589699 -0.345515 -0.36903 0.629834
1.01491 7.86108 -5.82359 0.758152 0.592136 -0.344957 -0.366593 0.629276
1.02729 7.89687 -5.83348 0.758152 0.592136 -0.344957 -0.366593 0.629276
1.04216 7.93999 -5.84493 0.758152 0.593854 -0.341992 -0.363442 0.631101
1.064 8.00347 -5.86112 0.758152 0.597136 -0.339918 -0.359434 0.63142
1.08093 8.05282 -5.87317 0.758152 0.60041 -0.337818 -0.355429 0.63171
1.10119 8.11207 -5.88671 0.758152 0.60451 -0.334181 -0.349847 0.632849
1.11272 8.14584 -5.89424 0.758152 0.605344 -0.332669 -0.348263 0.633721
1.1258 8.18422 -5.90241 0.758152 0.610169 -0.331359 -0.343438 0.632412
1.1423 8.23273 -5.91222 0.758152 0.613402 -0.329154 -0.33945 0.63259
1.1664 8.30381 -5.9255 0.758152 0.617439 -0.32538 -0.333883 0.633576
1.1778 8.33748 -5.93143 0.758152 0.619058 -0.322288 -0.330711 0.635238
1.19344 8.38381 -5.93889 0.758152 0.623051 -0.31845 -0.325143 0.636144
1.21651 8.45225 -5.94921 0.758152 0.627816 -0.316937 -0.320377 0.634631
1.23389 8.50392 -5.95621 0.758152 0.631766 -0.313007 -0.314827 0.635439
1.24363 8.53289 -5.95998 0.758152 0.632546 -0.311427 -0.313238 0.636224
1.26503 8.59663 -5.96764 0.758152 0.635688 -0.309035 -0.309281 0.636195
1.277 8.63235 -5.97139 0.758152 0.637988 -0.304258 -0.304501 0.638496
1.29332 8.68105 -5.97626 0.758152 0.640343 -0.303419 -0.302146 0.637657
1.3107 8.73301 -5.98066 0.758152 0.6426 -0.298608 -0.297355 0.639905
1.33355 8.80137 -5.98577 0.758152 0.647284 -0.296858 -0.292671 0.638155
1.35226 8.85738 -5.9894 0.758152 0.64876 -0.293618 -0.289477 0.63961
1.36206 8.88674 -5.991 0.758152 0.65022 -0.29037 -0.286275 0.64105
1.3768 8.93092 -5.99297 0.758152 0.651664 -0.287116 -0.283066 0.642473
1.39213 8.97691 -5.9941 0.758152 0.656114 -0.281276 -0.275925 0.643633
1.40982 9.02997 -5.99408 0.758152 0.659578 -0.273052 -0.267859 0.647032
1.42566 9.07749 -5.99335 0.758152 0.663228 -0.268755 -0.262327 0.647367
1.45473 9.1646 -5.98896 0.758152 0.66783 -0.257108 -0.250959 0.651858
1.47454 9.22386 -5.98448 0.758152 0.670991 -0.24874 -0.242791 0.654944
1.47917 9.23769 -5.98323 0.758152 0.674478 -0.244294 -0.237262 0.655063
1.49319 9.2795 -5.9788 0.758152 0.676291 -0.239229 -0.232343 0.656824
1.51596 9.34726 -5.97026 0.758152 0.678649 -0.232454 -0.225763 0.659114
1.53463 9.40261 -5.96159 0.758152 0.685363 -0.223325 -0.214737 0.659008
1.55217 9.45442 -5.95241 0.758152 0.687562 -0.21646 -0.208137 0.661122
1.56063 9.47937 -5.94786 0.758152 0.689753 -0.215256 -0.205946 0.659918
1.57603 9.52466 -5.93866 0.758152 0.691871 -0.208348 -0.199336 0.661945
1.59386 9.5768 -5.9267 0.758152 0.69608 -0.200161 -0.190547 0.662646
1.61604 9.64144 -5.91086 0.758152 0.697562 -0.194935 -0.185572 0.664057
1.63401 9.69358 -5.89724 0.758152 0.700665 -0.190148 -0.180111 0.66368
1.64217 9.71721 -5.89082 0.758152 0.701607 -0.186643 -0.176791 0.664573
1.66119 9.77203 -5.87503 0.758152 0.702987 -0.181375 -0.171801 0.66588
1.68332 9.83535 -5.85507 0.758152 0.708531 -0.173389 -0.1626 0.664441
1.69974 9.88204 -5.83932 0.758152 0.710229 -0.166295 -0.155947 0.666034
1.71117 9.91429 -5.82771 0.758152 0.713523 -0.159558 -0.148881 0.665778
1.72528 9.95399 -5.81298 0.758152 0.714312 -0.155988 -0.14555 0.666514
1.74226 10.0015 -5.79454 0.758152 0.715462 -0.150626 -0.140547 0.667587
1.76391 10.0615 -5.76982 0.758152 0.718603 -0.143799 -0.133505 0.667165
1.78357 10.1154 -5.74575 0.758152 0.720679 -0.133004 -0.123483 0.669092
1.80156 10.1642 -5.72275 0.758152 0.723646 -0.126082 -0.116471 0.668486
1.81336 10.1962 -5.70749 0.758152 0.723959 -0.124273 -0.1148 0.668776
1.82634 10.2308 -5.68985 0.758152 0.725456 -0.115214 -0.106431 0.670158
1.84881 10.2901 -5.6578 0.758152 0.730187 -0.106625 -0.0975145 0.667794
1.86976 10.3448 -5.62683 0.758152 0.732887 -0.0995452 -0.0905832 0.666905
1.88526 10.3851 -5.6035 0.758152 0.733375 -0.0958795 -0.0872475 0.66735
1.89463 10.4091 -5.58892 0.758152 0.734297 -0.0885411 -0.0805698 0.668189
1.90875 10.4448 -5.56605 0.758152 0.737017 -0.079536 -0.0720127 0.667303
1.92736 10.4912 -5.53496 0.758152 0.737776 -0.072162 -0.0653362 0.66799
1.94583 10.5367 -5.50343 0.758152 0.738296 -0.0666267 -0.0603245 0.668461
1.95962 10.5704 -5.47939 0.758152 0.740445 -0.0612257 -0.0551565 0.667046
1.98522 10.6315 -5.43289 0.758152 0.74128 -0.0501125 -0.045145 0.667798
1.99989 10.6661 -5.40571 0.758152 0.741635 -0.0445516 -0.0401353 0.668118
2.00846 10.6862 -5.38965 0.758152 0.741849 -0.0408429 -0.0367942 0.66831
2.02714 10.7294 -5.35394 0.758152 0.742134 -0.0352779 -0.0317809 0.668568
2.04721 10.7752 -5.31491 0.758152 0.742378 -0.029711 -0.0267658 0.668787
2.06117 10.8067 -5.28728 0.758152 0.74258 -0.0241424 -0.0217492 0.668969
2.07598 10.8398 -5.25764 0.758152 0.746027 -0.0205209 -0.0183017 0.665348
2.09765 10.8871 -5.21307 0.758152 0.746225 -0.0111942 -0.00998363 0.665524
2.11817 10.9311 -5.16997 0.758152 0.7463 -0.00373155 -0.003328 0.665591
2.1268 10.9494 -5.15166 0.758152 0.746309 -1.45961e-08 -1.30176e-08 0.665599
2.14405 10.9854 -5.11453 0.758152 0.746288 0.00559725 0.00499193 0.665581
2.1597 11.0179 -5.08069 0.758152 0.746272 0.00746295 0.00665587 0.665566
2.17727 11.0541 -5.04231 0.758152 0.746225 0.0111942 0.0099836 0.665524
2.19937 11.0988 -4.99335 0.758151 0.747782 0.0168279 0.0149327 0.663563
2.21864 11.1372 -4.9501 0.758152 0.747634 0.0224358 0.0199089 0.663433
2.22845 11.1566 -4.92799 0.758152 0.747576 0.0243048 0.0215675 0.663381
2.24391 11.1865 -4.89253 0.758152 0.747296 0.0317792 0.0282001 0.663132
2.25975 11.2164 -4.8556 0.758151 0.74694 0.0392504 0.0348299 0.662817
2.28061 11.2545 -4.80596 0.758152 0.746392 0.0485839 0.0431122 0.66233
2.29962 11.2888 -4.7604 0.758152 0.746139 0.0523152 0.0464233 0.662106
2.31083 11.3085 -4.73315 0.758152 0.745579 0.0597739 0.0530419 0.661609
2.33169 11.3446 -4.68206 0.758152 0.745271 0.063501 0.0563492 0.661335
2.3432 11.3641 -4.65357 0.758152 0.746423 0.0692417 0.0611347 0.65903
2.36101 11.3939 -4.60917 0.758152 0.746068 0.072973 0.0644291 0.658716
2.38132 11.4265 -4.55772 0.758152 0.74674 0.0824743 0.0724518 0.655994
2.39942 11.4549 -4.51144 0.758152 0.7461 0.0880724 0.0773697 0.655433
2.40807 11.4684 -4.48927 0.758152 0.745878 0.0899374 0.0790081 0.655237
2.42755 11.4977 -4.4387 0.758152 0.744941 0.0973916 0.0855564 0.654414
2.44695 11.5259 -4.38777 0.758152 0.747188 0.105295 0.0915708 0.649798
2.48283 11.5761 -4.29258 0.758152 0.746098 0.112762 0.0980641 0.64885
2.49925 11.5984 -4.24867 0.758152 0.746849 0.118611 0.102631 0.646231
2.50424 11.6051 -4.23529 0.758152 0.74655 0.120478 0.104247 0.645973
2.50843 11.6107 -4.22399 0.758152 0.745938 0.124209 0.107475 0.645443
2.5253 11.6322 -4.17821 0.758152 0.744986 0.1298 0.112313 0.644619
2.54222 11.653 -4.13189 0.758152 0.743651 0.137243 0.118753 0.643464
2.56784 11.6829 -4.0611 0.758152 0.742241 0.144673 0.125182 0.642244
2.58555 11.7029 -4.01187 0.758152 0.741135 0.150236 0.129995 0.641287
2.59386 11.712 -3.98868 0.758152 0.740375 0.153939 0.1332 0.640629
2.61189 11.7311 -3.93804 0.758152 0.739199 0.159488 0.138001 0.639612
2.62729 11.7468 -3.89459 0.758152 0.737982 0.165027 0.142794 0.638559
2.65022 11.7684 -3.82931 0.758152 0.735862 0.174239 0.150765 0.636724
2.67173 11.7872 -3.76755 0.758152 0.733627 0.183423 0.158712 0.63479
2.67798 11.7926 -3.7496 0.758152 0.733166 0.185257 0.160298 0.634391
2.69451 11.8058 -3.70181 0.758152 0.731277 0.192579 0.166634 0.632757
2.71133 11.8183 -3.65291 0.758152 0.729314 0.199882 0.172953 0.631059
2.72536 11.8279 -3.61194 0.758152 0.727279 0.207165 0.179255 0.629298
2.75124 11.8434 -3.53585 0.758152 0.72409 0.21805 0.188674 0.626538
2.76819 11.8525 -3.48583 0.758152 0.721873 0.22528 0.19493 0.62462
2.77928 11.8583 -3.45307 0.758152 0.721308 0.227084 0.196491 0.624131
2.79403 11.8652 -3.40934 0.758152 0.719001 0.234286 0.202722 0.622135
2.81752 11.875 -3.33958 0.758152 0.717223 0.239672 0.207382 0.620597
2.83302 11.8808 -3.29344 0.758152 0.715406 0.245044 0.212031 0.619024
2.84216 11.884 -3.26621 0.758152 0.714172 0.248618 0.215124 0.617956
2.86527 11.8906 -3.1972 0.758152 0.71165 0.255747 0.221292 0.615774
2.88024 11.894 -3.1524 0.758152 0.709057 0.262851 0.227439 0.61353
2.89492 11.8958 -3.10842 0.758152 0.704349 0.275219 0.23814 0.609456
2.91344 11.8969 -3.05286 0.758152 0.701561 0.282248 0.244223 0.607045
2.93101 11.8967 -3.00013 0.758152 0.697978 0.290995 0.251792 0.603945
2.95368 11.8943 -2.93216 0.758152 0.693535 0.301432 0.260822 0.6001
2.97328 11.8908 -2.87347 0.758152 0.689713 0.310077 0.268303 0.596793
2.98083 11.8892 -2.85089 0.758152 0.688154 0.313522 0.271283 0.595444
2.99443 11.8854 -2.81026 0.758152 0.684181 0.322099 0.278705 0.592006
3.01346 11.8791 -2.75353 0.758152 0.681746 0.327221 0.283137 0.589899
3.02978 11.8728 -2.70496 0.758152 0.67844 0.334022 0.289022 0.587039
3.04636 11.8654 -2.65578 0.758152 0.675066 0.34079 0.294878 0.584119
3.07285 11.8516 -2.57753 0.758151 0.670754 0.349201 0.302156 0.580388
3.08737 11.8429 -2.53484 0.758152 0.667776 0.358331 0.308492 0.574898
3.1004 11.8348 -2.49659 0.758152 0.667407 0.362442 0.310458 0.571681
3.11768 11.823 -2.44613 0.758152 0.663749 0.369098 0.316159 0.568548
3.12797 11.8154 -2.41619 0.758152 0.660025 0.375717 0.321828 0.565358
3.14613 11.8011 -2.36361 0.758152 0.658594 0.381471 0.325107 0.561284
3.17828 11.7727 -2.27147 0.758152 0.654587 0.394607 0.33291 0.552243
3.19333 11.7587 -2.22854 0.758152 0.651609 0.399505 0.337042 0.549731
3.20713 11.7451 -2.18941 0.758152 0.647582 0.406001 0.342523 0.546333
3.22881 11.7225 -2.12843 0.758152 0.643489 0.412456 0.347969 0.54288
3.23529 11.7157 -2.11023 0.758152 0.642456 0.414064 0.349325 0.542009
3.24407 11.706 -2.08572 0.758151 0.639333 0.41887 0.35338 0.539374
3.26754 11.679 -2.02071 0.758152 0.635112 0.425243 0.358756 0.535813
3.28434 11.6591 -1.97439 0.758152 0.634311 0.429315 0.360359 0.532428
3.3006 11.6397 -1.92966 0.758152 0.633236 0.4309 0.361689 0.531526
3.32023 11.6155 -1.87599 0.758152 0.629986 0.435636 0.365665 0.528798
3.3285 11.605 -1.85349 0.758152 0.6278 0.438781 0.368304 0.526963
3.34425 11.5845 -1.81092 0.758152 0.624492 0.443477 0.372246 0.524186
3.36741 11.5527 -1.74913 0.758152 0.6189 0.451248 0.378769 0.519492
3.38779 11.5242 -1.69502 0.758152 0.616636 0.454337 0.381362 0.517592
3.40017 11.5066 -1.66234 0.758152 0.615643 0.458373 0.3828 0.514141
3.41462 11.4856 -1.62438 0.758151 0.613344 0.461446 0.385366 0.512221
3.4308 11.4615 -1.58219 0.758152 0.609866 0.466033 0.389197 0.509316
3.44435 11.4408 -1.54729 0.758152 0.608878 0.472553 0.390648 0.503345
3.46063 11.4155 -1.5055 0.758152 0.606507 0.475591 0.39316 0.501385
3.48422 11.378 -1.44552 0.758152 0.604168 0.481117 0.395708 0.496914
3.50346 11.3466 -1.39709 0.758152 0.600542 0.485635 0.399423 0.493932
3.51886 11.3211 -1.35855 0.758152 0.598107 0.488632 0.401888 0.491928
3.52624 11.3087 -1.3402 0.758152 0.595656 0.491616 0.404343 0.489913
3.54377 11.2788 -1.29695 0.758152 0.594408 0.495604 0.405549 0.486401
3.5619 11.247 -1.25282 0.758152 0.590627 0.502547 0.409138 0.480846
3.57775 11.2182 -1.21496 0.758152 0.585486 0.510927 0.41384 0.474232
3.60473 11.1677 -1.15175 0.758151 0.580225 0.519253 0.418439 0.467573
3.62014 11.1385 -1.11594 0.758152 0.578783 0.523198 0.419465 0.464029
3.62702 11.1254 -1.09996 0.758152 0.578783 0.523198 0.419465 0.464029
3.64581 11.0891 -1.05682 0.758152 0.574843 0.527524 0.422933 0.46087
3.66098 11.0593 -1.02244 0.758152 0.572013 0.532885 0.425047 0.456257
3.67799 11.0251 -0.984581 0.758152 0.567784 0.53965 0.42824 0.450566
3.69356 10.9931 -0.950541 0.758152 0.563473 0.546381 0.43136 0.444853
3.71896 10.9406 -0.895277 0.758152 0.563213 0.548868 0.4311 0.442367
3.73787 10.9009 -0.854739 0.758152 0.560177 0.554161 0.433021 0.437722
3.75161 10.8718 -0.825563 0.758152 0.558486 0.558041 0.433811 0.434157
3.76005 10.8538 -0.807744 0.758151 0.557089 0.559435 0.434895 0.433071
3.77705 10.8171 -0.772379 0.758151 0.552878 0.563598 0.438131 0.429797
3.79495 10.7776 -0.73592 0.758152 0.547214 0.569098 0.442407 0.425394
3.81035 10.7436 -0.704726 0.758152 0.54579 0.570464 0.443469 0.424287
3.83977 10.6894 -0.657156 0.809095 0.541106 0.577011 0.446248 0.41848
3.85472 10.6617 -0.633237 0.835006 0.539253 0.580828 0.446884 0.414897
3.86442 10.6436 -0.617835 0.851789 0.538832 0.583293 0.446463 0.412432
3.87688 10.6203 -0.598135 0.873382 0.537372 0.584638 0.447493 0.411315
3.89435 10.5872 -0.57102 0.903643 0.532972 0.588652 0.450565 0.407947
3.91128 10.5547 -0.54523 0.932965 0.528542 0.592632 0.453612 0.404556
3.92874 10.5211 -0.518798 0.963208 0.527059 0.593952 0.454622 0.403421
3.95706 10.4663 -0.4762 1.01226 0.525573 0.595268 0.455629 0.402283
3.97309 10.4352 -0.452242 1.04003 0.524083 0.59658 0.456634 0.401143
3.98031 10.4212 -0.441536 1.05252 0.52259 0.597888 0.457635 0.4
3.99397 10.3925 -0.445701 1.0815 0.519594 0.600494 0.459629 0.397707
4.01166 10.3555 -0.451835 1.11903 0.513563 0.605659 0.463583 0.393091
4.02777 10.3218 -0.457928 1.15321 0.509006 0.609494 0.466518 0.389603
4.04367 10.2887 -0.464274 1.18695 0.505952 0.612031 0.468461 0.387265
4.06118 10.2523 -0.471438 1.22407 0.504421 0.613294 0.469427 0.386093
4.08629 10.2002 -0.482502 1.27735 0.499807 0.61706 0.47231 0.382562
4.10179 10.1681 -0.489972 1.31023 0.493611 0.622027 0.476112 0.377819
4.11508 10.1407 -0.496512 1.33841 0.492055 0.623259 0.477055 0.376628
4.12711 10.1159 -0.502561 1.36394 0.490495 0.624488 0.477995 0.375434
4.14358 10.0821 -0.511349 1.39888 0.485798 0.628149 0.480797 0.371839
4.16582 10.0365 -0.523208 1.44605 0.485798 0.628149 0.480797 0.371839
4.1863 9.9944 -0.534136 1.4895 0.485798 0.628149 0.480797 0.371839
4.19979 9.9667 -0.541333 1.51812 0.485798 0.628149 0.480797 0.371839
4.20957 9.94662 -0.54655 1.53887 0.485798 0.628149 0.480797 0.371839
4.22755 9.90981 -0.556509 1.577 0.482651 0.63057 0.48265 0.36943
4.24557 9.87306 -0.567043 1.61522 0.477908 0.634172 0.485407 0.3658
4.26306 9.83744 -0.57745 1.65234 0.476321 0.635365 0.48632 0.364585
4.28015 9.80265 -0.587612 1.68858 0.476321 0.635365 0.48632 0.364585
4.30077 9.76066 -0.599877 1.73233 0.476321 0.635365 0.48632 0.364585
4.32084 9.71979 -0.611815 1.7749 0.476321 0.635365 0.48632 0.364585
4.33139 9.6983 -0.618093 1.79729 0.476321 0.635365 0.48632 0.364585
4.343 9.67467 -0.624995 1.8219 0.476321 0.635365 0.48632 0.364585
4.36133 9.6374 -0.636084 1.86079 0.474731 0.636554 0.48723 0.363368
4.37881 9.60202 -0.647192 1.89787 0.469944 0.640096 0.489942 0.359704
4.40238 9.55448 -0.662643 1.94787 0.466737 0.642438 0.491734 0.35725
4.42017 9.51858 -0.674308 1.98561 0.466737 0.642438 0.491734 0.35725
4.42797 9.50285 -0.679419 2.00215 0.466737 0.642438 0.491734 0.35725
4.44317 9.47218 -0.689386 2.0344 0.466737 0.642438 0.491734 0.35725
4.46032 9.43759 -0.700628 2.07077 0.466737 0.642438 0.491734 0.35725
4.47801 9.40188 -0.71223 2.10831 0.466737 0.642438 0.491734 0.35725
4.49294 9.37176 -0.722019 2.13999 0.466737 0.642438 0.491734 0.35725
4.51686 9.32351 -0.7377 2.19072 0.466737 0.642438 0.491734 0.35725
4.53512 9.28685 -0.750223 2.22946 0.461906 0.64592 0.4944 0.353552
4.54475 9.26755 -0.756925 2.24989 0.46029 0.647073 0.495282 0.352315
4.5598 9.23751 -0.767692 2.2818 0.457049 0.649366 0.497038 0.349834
4.57806 9.20117 -0.781131 2.32055 0.453796 0.651644 0.49878 0.347344
4.59557 9.16633 -0.794016 2.3577 0.453796 0.651644 0.49878 0.347344
4.61343 9.13081 -0.807152 2.39557 0.453796 0.651644 0.49878 0.347344
4.63377 9.0904 -0.822325 2.43873 0.452166 0.652776 0.499647 0.346096
4.65047 9.0573 -0.834944 2.47416 0.449669 0.652651 0.502144 0.345971
4.66005 9.03832 -0.842178 2.49447 0.449669 0.652651 0.502144 0.345971
4.68014 8.9985 -0.857356 2.53708 0.449669 0.652651 0.502144 0.345971
4.69467 8.9697 -0.868338 2.56791 0.449669 0.652651 0.502144 0.345971
4.71228 8.93479 -0.881644 2.60526 0.449669 0.652651 0.502144 0.345971
4.72677 8.90606 -0.892596 2.63601 0.449669 0.652651 0.502144 0.345971
4.7544 8.90606 -0.892596 2.71888 0.449669 0.652651 0.502144 0.345971
4.76686 8.90606 -0.892596 2.75627 0.449669 0.652651 0.502144 0.345971
4.77683 8.90606 -0.892596 2.78618 0.449669 0.652651 0.502144 0.345971
4.79634 8.90606 -0.892596 2.84472 0.449669 0.652651 0.502144 0.345971
4.81094 8.90606 -0.892596 2.88852 0.449669 0.652651 0.502144 0.345971
4.82774 8.90606 -0.892596 2.93892 0.449669 0.652651 0.502144 0.345971
4.84421 8.90606 -0.892596 2.98833 0.449669 0.652651 0.502144 0.345971
4.86761 8.90606 -0.892596 3.05852 0.449669 0.652651 0.502144 0.345971
4.8828 8.90606 -0.892596 3.10408 0.449669 0.652651 0.502144 0.345971
4.89318 8.90606 -0.892596 3.13523 0.449669 0.652651 0.502144 0.345971
4.91092 8.90606 -0.892596 3.18844 0.449669 0.652651 0.502144 0.345971
4.93037 8.90606 -0.892596 3.2468 0.449669 0.652651 0.502144 0.345971
4.9449 8.90606 -0.892596 3.29039 0.449669 0.652651 0.502144 0.345971
4.96094 8.90606 -0.892596 3.33851 0.449669 0.652651 0.502144 0.345971
4.98556 8.90606 -0.892596 3.41238 0.449669 0.652651 0.502144 0.345971
5.001 8.90606 -0.892596 3.45868 0.449669 0.652651 0.502144 0.345971
5.01058 8.90606 -0.892596 3.48744 0.448802 0.651394 0.503774 0.347094
5.02962 8.90606 -0.892596 3.54454 0.447061 0.648867 0.507025 0.349334
5.04502 8.90606 -0.892596 3.59076 0.445309 0.646323 0.510263 0.351565
5.06042 8.90606 -0.892596 3.63697 0.444429 0.645046 0.511877 0.352677
5.07789 8.90606 -0.892596 3.68937 0.44266 0.642478 0.515096 0.354895
5.10167 8.90606 -0.892596 3.76072 0.44266 0.642478 0.515096 0.354895
5.11674 8.90606 -0.892596 3.80592 0.44266 0.642478 0.515096 0.354895
5.12754 8.90606 -0.892595 3.83832 0.441771 0.641189 0.5167 0.356
5.14612 8.90606 -0.892595 3.89407 0.441771 0.641189 0.5167 0.356
5.16139 8.90606 -0.892595 3.93987 0.441771 0.641189 0.5167 0.356
5.17721 8.90606 -0.892596 3.98734 0.439089 0.637295 0.521495 0.359304
5.19407 8.90606 -0.892596 4.03791 0.438189 0.63599 0.523086 0.3604
5.2113 8.90606 -0.892596 4.0896 0.438189 0.63599 0.523086 0.3604
5.23484 8.90606 -0.892596 4.16022 0.437287 0.63468 0.524675 0.361495
5.25545 8.90606 -0.892596 4.22204 0.437287 0.63468 0.524675 0.361495
5.26095 8.90606 -0.892596 4.23855 0.437287 0.63468 0.524675 0.361495
5.27922 8.90606 -0.892596 4.29334 0.437287 0.63468 0.524675 0.361495
5.29565 8.90606 -0.892596 4.34265 0.437711 0.628546 0.527589 0.367406
5.32029 8.90606 -0.892596 4.41656 0.438358 0.626131 0.528236 0.369821
5.33315 8.90606 -0.892596 4.45515 0.438358 0.626131 0.528236 0.369821
5.34254 8.90606 -0.892596 4.48331 0.438358 0.626131 0.528236 0.369821
5.36102 8.90606 -0.892596 4.53877 0.438358 0.626131 0.528236 0.369821
5.38196 8.90606 -0.892596 4.60157 0.437737 0.618637 0.532594 0.376854
5.39257 8.90606 -0.892596 4.63341 0.436793 0.617303 0.534138 0.377947
5.40961 8.90606 -0.892595 4.68453 0.436433 0.613536 0.536266 0.381468
5.43369 8.90606 -0.892596 4.75677 0.437008 0.611103 0.53684 0.383902
5.45206 8.90606 -0.892596 4.81187 0.436046 0.609759 0.538366 0.384993
5.46083 8.90606 -0.892596 4.8382 0.436046 0.609759 0.538366 0.384993
5.47919 8.90606 -0.892596 4.89328 0.434116 0.607059 0.541408 0.387168
5.49386 8.90606 -0.892596 4.93727 0.433684 0.603262 0.543462 0.390694
5.51127 8.90606 -0.892596 4.98951 0.431725 0.600538 0.546471 0.392857
5.52874 8.90606 -0.892596 5.04193 0.431249 0.596721 0.548478 0.396383
5.5529 8.90606 -0.892596 5.1144 0.427263 0.591207 0.554418 0.400676
5.56508 8.90606 -0.892596 5.15093 0.427263 0.591207 0.554418 0.400676
5.57685 8.90606 -0.892596 5.18625 0.426725 0.587362 0.556358 0.4042
5.5963 8.90606 -0.892596 5.24459 0.424698 0.584573 0.559288 0.406328
5.61208 8.90606 -0.892596 5.29194 0.422661 0.58177 0.562204 0.408446
5.62932 8.90606 -0.892596 5.34365 0.420614 0.578951 0.565106 0.410555
5.64654 8.90606 -0.892596 5.39533 0.419586 0.577537 0.566551 0.411605
5.67674 8.90606 -0.892596 5.48592 0.417523 0.574697 0.569432 0.413698
5.68855 8.90606 -0.892596 5.52137 0.415833 0.569372 0.572682 0.41825
5.69365 8.89577 -0.895885 5.53217 0.415833 0.569372 0.572682 0.41825
5.7122 8.85828 -0.907859 5.57152 0.412685 0.565061 0.576936 0.421357
5.72678 8.82877 -0.917124 5.60245 0.411977 0.561141 0.578694 0.424864
5.74508 8.79174 -0.928751 5.64127 0.411977 0.561141 0.578694 0.424864
5.76612 8.74916 -0.942119 5.6859 0.409847 0.558241 0.581492 0.426918
5.78534 8.71025 -0.954335 5.72668 0.408779 0.556785 0.582886 0.427941
5.79553 8.68963 -0.960808 5.7483 0.407708 0.555326 0.584276 0.428962
5.81064 8.65905 -0.970407 5.78034 0.406634 0.553864 0.585663 0.42998
5.82915 8.62159 -0.982167 5.8196 0.404479 0.550929 0.588425 0.432008
5.84625 8.58697 -0.993037 5.85589 0.403398 0.549456 0.5898 0.433018
5.86725 8.54446 -1.00638 5.90044 0.402314 0.54798 0.591172 0.434025
5.88604 8.50639 -1.01813 5.94029 0.402592 0.545495 0.591451 0.436509
5.89465 8.48894 -1.02351 5.95855 0.400405 0.542531 0.594171 0.438517
5.90944 8.45894 -1.03276 5.98994 0.399307 0.541044 0.595525 0.439516
5.92685 8.42364 -1.04365 6.02689 0.397105 0.53806 0.598223 0.441507
5.94375 8.38935 -1.05404 6.06271 0.396229 0.534073 0.599795 0.444988
5.97053 8.33482 -1.06997 6.11952 0.394394 0.526083 0.602854 0.451948
5.98697 8.30134 -1.07975 6.1544 0.39213 0.523062 0.605477 0.453914
5.99289 8.28928 -1.08327 6.16697 0.390994 0.521547 0.606782 0.454893
6.0099 8.25466 -1.09338 6.20303 0.389855 0.520028 0.608084 0.455869
6.02685 8.22014 -1.10347 6.239 0.387571 0.516981 0.610677 0.457813
6.04945 8.17411 -1.11691 6.28695 0.387571 0.516981 0.610677 0.457813
6.06539 8.14167 -1.12639 6.32075 0.387571 0.516981 0.610677 0.457813
6.07655 8.11894 -1.13303 6.34443 0.387571 0.516981 0.610677 0.457813
6.09678 8.07774 -1.14507 6.38735 0.387571 0.516981 0.610677 0.457813
6.10995 8.05088 -1.15277 6.41529 0.386561 0.512957 0.612103 0.461277
6.12751 8.01508 -1.16303 6.45253 0.386561 0.512957 0.612103 0.461277
6.14296 7.98354 -1.1719 6.4853 0.385523 0.508928 0.6135 0.464739
6.16062 7.96237 -1.20964 6.5159 0.383195 0.505854 0.616037 0.466661
6.18285 7.93527 -1.25685 6.55439 0.382185 0.499315 0.617458 0.472615
6.20023 7.90908 -1.30194 6.55439 0.382246 0.496815 0.617519 0.475114
6.20991 7.89449 -1.32705 6.55439 0.382246 0.496815 0.617519 0.475114
6.22592 7.87036 -1.36859 6.55439 0.382246 0.496815 0.617519 0.475114
6.24415 7.84289 -1.41589 6.55438 0.382246 0.496815 0.617519 0.475114
6.27545 7.79573 -1.49708 6.55438 0.382246 0.496815 0.617519 0.475114
6.29014 7.7736 -1.53519 6.55439 0.382246 0.496815 0.617519 0.475114
6.29854 7.76095 -1.55698 6.55439 0.382246 0.496815 0.617519 0.475114
6.31298 7.73899 -1.59434 6.55439 0.383487 0.495858 0.616329 0.476656
6.32625 7.71884 -1.62864 6.55439 0.382294 0.494316 0.617567 0.477614
6.3433 7.69293 -1.67275 6.55439 0.382294 0.494316 0.617567 0.477614
6.36084 7.66627 -1.71812 6.55439 0.382294 0.494316 0.617567 0.477614
6.3837 7.63153 -1.77725 6.55439 0.382294 0.494316 0.617567 0.477614
6.39978 7.60709 -1.81885 6.55439 0.382294 0.494316 0.617567 0.477614
6.41228 7.5881 -1.85117 6.55439 0.382294 0.494316 0.617567 0.477614
6.42923 7.56234 -1.89502 6.55439 0.381099 0.49277 0.618801 0.478568
6.44498 7.5382 -1.93564 6.55439 0.378718 0.48717 0.621273 0.482967
6.4599 7.51532 -1.97413 6.55439 0.378718 0.48717 0.621273 0.482967
6.47782 7.48785 -2.02037 6.55438 0.378718 0.48717 0.621273 0.482967
6.50132 7.45185 -2.08094 6.55439 0.377509 0.485616 0.622489 0.483913
6.52178 7.42049 -2.13371 6.55439 0.377509 0.485616 0.622489 0.483913
6.52654 7.4132 -2.14597 6.55439 0.377509 0.485616 0.622489 0.483913
6.54304 7.38792 -2.18853 6.55439 0.377509 0.485616 0.622489 0.483913
6.56154 7.35932 -2.2361 6.55439 0.377507 0.483116 0.622487 0.486412
6.58359 7.32524 -2.2928 6.55439 0.37629 0.481558 0.623693 0.487355
6.60108 7.29821 -2.33777 6.55439 0.37507 0.479997 0.624895 0.488294
6.60932 7.28548 -2.35895 6.55439 0.373848 0.478433 0.626093 0.48923
6.62743 7.25748 -2.40553 6.55439 0.372624 0.476867 0.627287 0.490163
6.64774 7.22557 -2.45744 6.55438 0.371294 0.470298 0.628374 0.496092
6.66017 7.20589 -2.48909 6.55438 0.371223 0.467799 0.628303 0.498591
6.67976 7.17486 -2.53901 6.55439 0.371223 0.467799 0.628303 0.498591
6.70499 7.13457 -2.60311 6.55439 0.37114 0.4653 0.62822 0.50109
6.72026 7.1102 -2.64187 6.55439 0.37114 0.4653 0.62822 0.50109
6.73019 7.09434 -2.6671 6.55439 0.369886 0.463729 0.629381 0.502016
6.74553 7.06985 -2.70607 6.55439 0.369886 0.463729 0.629381 0.502016
6.76 7.04657 -2.74269 6.55439 0.369784 0.461231 0.629279 0.504514
6.77732 7.01848 -2.7864 6.55438 0.369669 0.458733 0.629165 0.507011
6.80025 6.981 -2.84409 6.55439 0.369542 0.456236 0.629038 0.509508
6.81868 6.95087 -2.89046 6.55438 0.369542 0.456236 0.629038 0.509508
6.83328 6.92701 -2.92718 6.55439 0.369542 0.456236 0.629038 0.509508
6.84791 6.9031 -2.96398 6.55439 0.369542 0.456236 0.629038 0.509508
6.86139 6.88106 -2.99789 6.55438 0.369542 0.456236 0.629038 0.509508
6.87964 6.85123 -3.04381 6.55439 0.369542 0.456236 0.629038 0.509508
6.89858 6.82028 -3.09145 6.55438 0.369542 0.456236 0.629038 0.509508
6.91775 6.78894 -3.13968 6.55439 0.369542 0.456236 0.629038 0.509508
6.93542 6.76006 -3.18412 6.55439 0.369542 0.456236 0.629038 0.509508
6.95047 6.73545 -3.222 6.55439 0.369542 0.456236 0.629038 0.509508
6.96854 6.70591 -3.26746 6.55439 0.369542 0.456236 0.629038 0.509508
6.97891 6.68897 -3.29353 6.55439 0.369542 0.456236 0.629038 0.509508
6.99779 6.65811 -3.34103 6.55439 0.369542 0.456236 0.629038 0.509508
7.01607 6.628 -3.38688 6.55439 0.370682 0.455311 0.627762 0.511079
7.03155 6.60213 -3.42541 6.55438 0.372954 0.453452 0.625199 0.514211
7.05455 6.56338 -3.48251 6.55439 0.374086 0.452518 0.623911 0.515773
7.06276 6.54955 -3.50289 6.55439 0.374086 0.452518 0.623911 0.515773
7.08222 6.51677 -3.5512 6.55439 0.374086 0.452518 0.623911 0.515773
7.09924 6.48789 -3.59331 6.55439 0.375216 0.451582 0.62262 0.517331
7.11753 6.45685 -3.63856 6.55439 0.375216 0.451582 0.62262 0.517331
7.13344 6.42985 -3.67793 6.55439 0.375216 0.451582 0.62262 0.517331
7.14574 6.40884 -3.70824 6.55439 0.376344 0.450642 0.621324 0.518886
7.16127 6.38209 -3.74641 6.55438 0.37747 0.4497 0.620025 0.520438
7.18262 6.34456 -3.79829 6.55438 0.382143 0.448395 0.614986 0.524119
7.19948 6.3145 -3.83899 6.55439 0.385697 0.448008 0.611239 0.526225
7.21382 6.28877 -3.87346 6.55438 0.386816 0.447043 0.609922 0.527752
7.22839 6.26262 -3.90849 6.55439 0.386816 0.447043 0.609922 0.527752
7.24288 6.23662 -3.94333 6.55439 0.386816 0.447043 0.609922 0.527752
7.2604 6.20498 -3.98529 6.55439 0.387932 0.446074 0.6086 0.529275
7.28384 6.16263 -4.04144 6.55438 0.387932 0.446074 0.6086 0.529275
7.30413 6.12597 -4.09004 6.55438 0.387932 0.446074 0.6086 0.529275
7.31924 6.09867 -4.12623 6.55438 0.387932 0.446074 0.6086 0.529275
7.32716 6.08428 -4.14512 6.55439 0.389046 0.445103 0.607275 0.530795
7.34387 6.05369 -4.18484 6.55439 0.390158 0.444129 0.605946 0.532311
7.36117 6.02183 -4.2258 6.55439 0.391267 0.443152 0.604614 0.533824
7.38402 5.9792 -4.27947 6.55439 0.394819 0.442694 0.600832 0.535855
7.40602 5.93815 -4.33116 6.55439 0.394819 0.442694 0.600832 0.535855
7.41688 5.91775 -4.35658 6.55438 0.395924 0.441705 0.599491 0.537356
7.42535 5.90176 -4.37631 6.55439 0.397027 0.440714 0.598146 0.538853
7.44258 5.86902 -4.41629 6.55438 0.398128 0.43972 0.596797 0.540347
7.45961 5.83663 -4.45583 6.55439 0.398128 0.43972 0.596797 0.540347
7.48313 5.79112 -4.50974 6.55439 0.402775 0.438202 0.591633 0.543802
7.50025 5.7576 -4.54864 6.55439 0.404961 0.436183 0.588907 0.546753
7.51043 5.73753 -4.57169 6.55438 0.40605 0.435169 0.587538 0.548224
7.5261 5.70633 -4.60683 6.55439 0.408221 0.433134 0.58479 0.551155
7.54388 5.67071 -4.64654 6.55439 0.409303 0.432112 0.58341 0.552615
7.56178 5.63465 -4.68634 6.55439 0.410382 0.431087 0.582027 0.554072
7.5837 5.58974 -4.73443 6.55439 0.41639 0.430881 0.575708 0.556346
7.60198 5.55194 -4.7741 6.55439 0.418539 0.428794 0.572919 0.559218
7.61245 5.53016 -4.79674 6.55439 0.41961 0.427746 0.571519 0.560648
7.62753 5.49848 -4.82901 6.55439 0.421744 0.425643 0.568709 0.563499
7.64283 5.46599 -4.86144 6.55439 0.425281 0.424942 0.564824 0.565274
7.66885 5.40993 -4.91575 6.55438 0.428456 0.42174 0.560568 0.569494
7.68369 5.37763 -4.94643 6.55438 0.430559 0.419593 0.557714 0.57229
7.70304 5.33535 -4.98618 6.55439 0.431607 0.418515 0.556281 0.573683
7.70936 5.32142 -4.99903 6.55438 0.433694 0.416352 0.553406 0.576457
7.72587 5.28464 -5.03224 6.55438 0.43577 0.414178 0.550517 0.579217
7.74829 5.23406 -5.07657 6.55439 0.438865 0.410898 0.546157 0.583329
7.76629 5.1931 -5.11175 6.55438 0.440914 0.408699 0.543234 0.586053
7.7779 5.16656 -5.13431 6.55438 0.441934 0.407595 0.541767 0.587409
7.79318 5.1312 -5.16347 6.55438 0.444978 0.404269 0.537346 0.591456
7.81355 5.08347 -5.20165 6.55439 0.447998 0.400921 0.532895 0.595469
7.83228 5.03925 -5.23629 6.55439 0.449997 0.398676 0.529911 0.598126
7.84343 5.0128 -5.25681 6.55439 0.450992 0.39755 0.528414 0.599449
7.86247 4.9675 -5.29157 6.55438 0.451985 0.396421 0.526914 0.600768
7.8767 4.93325 -5.31705 6.55439 0.454945 0.39302 0.522393 0.604703
7.89297 4.89379 -5.34579 6.55439 0.456904 0.39074 0.519363 0.607307
7.918 4.83201 -5.38848 6.55439 0.461753 0.384999 0.511732 0.613752
7.93623 4.78671 -5.41912 6.55438 0.463672 0.382685 0.508656 0.616303
7.94199 4.77235 -5.42872 6.55439 0.464627 0.381525 0.507114 0.617572
7.95953 4.72833 -5.45754 6.55439 0.466529 0.379197 0.50402 0.6201
7.97988 4.67674 -5.49021 6.55438 0.46936 0.375687 0.499355 0.623863
8.00094 4.62253 -5.52268 6.55439 0.472443 0.368561 0.492441 0.631239
8.00978 4.59973 -5.53618 6.55439 0.473363 0.367379 0.490861 0.632468
8.02741 4.55382 -5.56244 6.55439 0.474513 0.362602 0.487012 0.63732
8.04284 4.51352 -5.58523 6.55439 0.475418 0.361414 0.485417 0.638536
8.06064 4.46665 -5.61081 6.55439 0.478115 0.357839 0.480615 0.642158
8.08422 4.40357 -5.64282 6.55439 0.481804 0.349449 0.471804 0.650501
8.10244 4.35421 -5.66633 6.55438 0.486134 0.343399 0.463636 0.656348
8.10849 4.33776 -5.67397 6.55438 0.486197 0.339812 0.461199 0.659876
8.12584 4.29012 -5.69494 6.55439 0.489571 0.334933 0.454577 0.664454
8.14269 4.24356 -5.7146 6.55439 0.492069 0.331252 0.449581 0.667845
8.1665 4.1772 -5.74108 6.55439 0.491989 0.324096 0.444506 0.674776
8.18353 4.12947 -5.75929 6.55439 0.492709 0.319298 0.440233 0.679324
8.19165 4.10659 -5.76764 6.55439 0.49509 0.315593 0.435126 0.682607
8.2095 4.05602 -5.78522 6.55439 0.497443 0.311871 0.429994 0.685851
8.22677 4.00682 -5.8015 6.55439 0.499768 0.308132 0.424838 0.689057
8.24939 3.94198 -5.82153 6.55439 0.502824 0.303119 0.417926 0.693271
8.26379 3.90052 -5.83366 6.55439 0.505084 0.299339 0.412715 0.696386
8.2775 3.86094 -5.84481 6.55439 0.506574 0.29681 0.409228 0.698441
8.2931 3.81569 -5.85683 6.55439 0.50703 0.291992 0.404709 0.70276
8.31065 3.7645 -5.86906 6.55439 0.510641 0.285631 0.395894 0.707764
8.33694 3.6875 -5.88625 6.55439 0.512768 0.281793 0.390574 0.710713
8.35337 3.63919 -5.89602 6.55439 0.513772 0.275692 0.384138 0.71587
8.35945 3.62132 -5.89954 6.55439 0.51446 0.274407 0.382347 0.716828
8.3765 3.57102 -5.90893 6.55438 0.515826 0.271831 0.378758 0.718731
8.39227 3.5244 -5.91692 6.55439 0.514236 0.266085 0.374692 0.724131
8.41738 3.44985 -5.92777 6.55438 0.517522 0.259636 0.365612 0.728758
8.4353 3.39657 -5.93499 6.55438 0.518813 0.257045 0.361963 0.730577
8.4433 3.37276 -5.93797 6.55439 0.520092 0.254448 0.358306 0.732378
8.46085 3.32047 -5.94399 6.55439 0.521358 0.251844 0.35464 0.73416
8.4793 3.26536 -5.94922 6.55439 0.52385 0.246618 0.34728 0.73767
8.50291 3.19477 -5.9552 6.55438 0.523226 0.243136 0.344197 0.740707
8.51846 3.14823 -5.95822 6.55439 0.525632 0.237892 0.336773 0.744112
8.52551 3.12708 -5.95916 6.55439 0.527984 0.232624 0.329315 0.747443
8.54256 3.07599 -5.96093 6.55439 0.529141 0.229981 0.325573 0.74908
8.56003 3.02358 -5.96196 6.55438 0.530851 0.226006 0.319946 0.751501
8.58328 2.95381 -5.96228 6.55439 0.532531 0.222018 0.314301 0.753879
8.60176 2.89838 -5.96198 6.55439 0.533634 0.219353 0.310528 0.755441
8.60847 2.87827 -5.96167 6.55439 0.534724 0.216682 0.306747 0.756984
8.62596 2.82581 -5.96007 6.55439 0.536334 0.212666 0.301061 0.759264
8.64413 2.77135 -5.95787 6.55439 0.535487 0.209237 0.297785 0.762101
8.66632 2.70491 -5.95385 6.55439 0.537553 0.203872 0.290149 0.76504
8.68293 2.65517 -5.9506 6.55438 0.538061 0.202528 0.288235 0.765763
8.69492 2.61931 -5.94807 6.55438 0.538566 0.201182 0.28632 0.766481
8.7098 2.5748 -5.94448 6.55438 0.539565 0.198486 0.282484 0.767903
8.72845 2.51909 -5.93943 6.55439 0.540551 0.195786 0.278641 0.769306
8.75031 2.45387 -5.93253 6.55438 0.542004 0.191727 0.272863 0.771374
8.76563 2.4082 -5.92724 6.55439 0.542956 0.189014 0.269003 0.772729
8.778 2.37134 -5.92297 6.55439 0.542956 0.189014 0.269003 0.772729
8.79305 2.32656 -5.91732 6.55439 0.543894 0.186297 0.265136 0.774064
8.81075 2.27394 -5.91015 6.55439 0.544819 0.183575 0.261263 0.77538
8.83483 2.2025 -5.89933 6.55439 0.54618 0.179484 0.25544 0.777318
8.85391 2.14592 -5.89075 6.55439 0.54618 0.179484 0.25544 0.777318
8.86002 2.12781 -5.88791 6.55439 0.546627 0.178118 0.253496 0.777954
8.87707 2.07728 -5.88 6.55439 0.546627 0.178118 0.253496 0.777954
8.89405 2.02699 -5.87186 6.55439 0.547071 0.176751 0.25155 0.778585
8.92278 1.94204 -5.85724 6.55439 0.547947 0.174013 0.247654 0.779834
8.93989 1.89161 -5.84779 6.55439 0.547281 0.169294 0.242223 0.78304
8.9467 1.87152 -5.84402 6.55439 0.547281 0.169294 0.242223 0.78304
8.96088 1.82984 -5.83555 6.55439 0.548536 0.165185 0.236343 0.784834
8.9764 1.78425 -5.82605 6.55439 0.548947 0.163813 0.23438 0.785423
8.99884 1.71842 -5.812 6.55439 0.549355 0.16244 0.232416 0.786006
9.01845 1.66101 -5.79913 6.55438 0.55016 0.159691 0.228483 0.787158
9.02858 1.63138 -5.79234 6.55438 0.548586 0.157748 0.226909 0.789101
9.04319 1.58877 -5.78212 6.55438 0.547391 0.154446 0.223348 0.791597
9.06089 1.53731 -5.76896 6.55439 0.546549 0.149792 0.21778 0.794618
9.08629 1.46369 -5.74934 6.55439 0.547291 0.147057 0.213804 0.795697
9.10233 1.41738 -5.73626 6.55439 0.548379 0.142948 0.20783 0.797278
9.1114 1.39123 -5.72872 6.55438 0.548734 0.141577 0.205837 0.797796
9.12604 1.34917 -5.71616 6.55439 0.549435 0.138832 0.201845 0.798815
9.14396 1.29788 -5.69999 6.55438 0.550461 0.134707 0.195848 0.800306
9.16885 1.22714 -5.67612 6.55439 0.551781 0.129196 0.187836 0.802225
9.18558 1.17973 -5.65959 6.55439 0.55242 0.126435 0.183822 0.803154
9.19228 1.16083 -5.65279 6.55439 0.553045 0.123672 0.179804 0.804063
9.21288 1.10279 -5.63158 6.55439 0.553353 0.122289 0.177793 0.80451
9.23139 1.05101 -5.61147 6.55438 0.554548 0.116749 0.169739 0.806247
9.24478 1.01371 -5.59656 6.55439 0.555125 0.113975 0.165706 0.807086
9.26397 0.960577 -5.57438 6.55439 0.555964 0.109808 0.159648 0.808306
9.2849 0.903274 -5.54876 6.55439 0.557293 0.10285 0.149532 0.810239
9.30049 0.860764 -5.52925 6.55439 0.5578 0.100063 0.145479 0.810976
9.30926 0.837009 -5.51791 6.55439 0.558535 0.0958764 0.139393 0.812044
9.32757 0.787691 -5.49375 6.55438 0.559007 0.0930825 0.135331 0.812731
9.3496 0.728931 -5.46351 6.55439 0.55991 0.0874879 0.127197 0.814044
9.37055 0.67377 -5.43334 6.55439 0.56096 0.0804823 0.117012 0.81557
9.38594 0.633732 -5.4104 6.55438 0.561737 0.0748688 0.10885 0.816699
9.3938 0.613327 -5.39857 6.55439 0.561922 0.0734642 0.106808 0.816969
9.41387 0.561846 -5.36733 6.55438 0.562629 0.0678414 0.0986335 0.817996
9.43196 0.51572 -5.33871 6.55439 0.562961 0.0650274 0.0945423 0.818479
9.44423 0.48476 -5.31884 6.55439 0.563433 0.0608034 0.0884011 0.819165
9.46161 0.441308 -5.29004 6.55439 0.563873 0.056576 0.0822549 0.819805
9.48505 0.383668 -5.24972 6.55438 0.564536 0.0495234 0.0720012 0.820769
9.50216 0.342218 -5.21947 6.55439 0.565003 0.0438756 0.06379 0.821448
9.51019 0.322817 -5.20517 6.55439 0.565111 0.042463 0.0617362 0.821605
9.5284 0.279184 -5.17231 6.55439 0.565316 0.0396369 0.0576274 0.821904
9.5514 0.224478 -5.13026 6.55439 0.565507 0.0368098 0.0535172 0.822181
9.57321 0.173611 -5.08909 6.55439 0.565923 0.0297383 0.043236 0.822786
9.58771 0.140216 -5.06122 6.55439 0.566131 0.0254931 0.037064 0.823087
9.59532 0.122757 -5.0465 6.55438 0.566192 0.0240777 0.0350061 0.823177
9.61895 0.0690036 -5.00026 6.55439 0.566306 0.0212464 0.0308898 0.823342
9.62915 0.0462286 -4.97987 6.55439 0.56649 0.0155824 0.022655 0.82361
9.64379 0.0139592 -4.95008 6.55439 0.566591 0.0113333 0.0164773 0.823757
9.66727 -0.0368522 -4.90126 6.55439 0.566676 0.00566696 0.00823909 0.82388
9.6856 -0.0761243 -4.86277 6.55439 0.566697 0.00283352 0.00411961 0.823911
9.70487 -0.116996 -4.8219 6.55439 0.566704 1.16113e-08 1.68814e-08 0.823921
9.70963 -0.126926 -4.81166 6.55439 0.566688 -0.00425023 -0.00617934 0.823898
9.72573 -0.160226 -4.77666 6.55439 0.56666 -0.00708361 -0.0102987 0.823857
9.74339 -0.196153 -4.73773 6.55438 0.566591 -0.0113333 -0.0164773 0.823757
9.76684 -0.243359 -4.68555 6.55439 0.566527 -0.0141661 -0.0205959 0.823664
9.78377 -0.276857 -4.64739 6.55439 0.566405 -0.0184146 -0.0267727 0.823486
9.79623 -0.301371 -4.61918 6.55438 0.566357 -0.0198306 -0.0288313 0.823417
9.81364 -0.335037 -4.57924 6.55439 0.566192 -0.0240777 -0.0350061 0.823177
9.82797 -0.362586 -4.54623 6.55439 0.566131 -0.0254931 -0.0370639 0.823087
9.84556 -0.395996 -4.50537 6.55439 0.565996 -0.0283234 -0.0411789 0.822892
9.8677 -0.43725 -4.45334 6.55439 0.565768 -0.0325675 -0.0473494 0.82256
9.8838 -0.466882 -4.41519 6.55439 0.56354 -0.0352672 -0.0515499 0.823724
9.8974 -0.491423 -4.3826 6.55439 0.56326 -0.0394927 -0.0577263 0.823314
9.90992 -0.513722 -4.35236 6.55439 0.563055 -0.0423085 -0.0618421 0.823015
9.92729 -0.544002 -4.30998 6.55439 0.562722 -0.0465302 -0.068013 0.822528
9.94472 -0.573774 -4.26696 6.55439 0.562357 -0.0507492 -0.0741799 0.821995
9.97075 -0.61658 -4.20168 6.55439 0.559625 -0.0575633 -0.084593 0.822405
9.98664 -0.642124 -4.16142 6.55439 0.559177 -0.0617588 -0.0907586 0.821748
9.9939 -0.653701 -4.14297 6.55438 0.559021 -0.0631565 -0.0928127 0.821518
10.0121 -0.681729 -4.09626 6.55439 0.554252 -0.0682375 -0.101366 0.823331
10.0269 -0.703865 -4.05763 6.55438 0.553542 -0.0737765 -0.109594 0.822276
10.0443 -0.728877 -4.01189 6.55439 0.552776 -0.0793082 -0.117811 0.821139
10.067 -0.75942 -3.95107 6.55439 0.549255 -0.0886384 -0.132384 0.820327
10.0866 -0.784317 -3.89755 6.55439 0.545816 -0.096505 -0.144915 0.819616
10.0998 -0.800403 -3.86157 6.55439 0.545077 -0.100596 -0.151058 0.818506
10.1093 -0.81132 -3.83504 6.55439 0.541465 -0.108352 -0.16359 0.817505
10.1261 -0.828862 -3.78778 6.55439 0.535407 -0.116919 -0.178457 0.817204
10.1437 -0.845695 -3.73789 6.55439 0.533593 -0.124937 -0.190695 0.814436
10.1679 -0.866116 -3.66828 6.55439 0.528959 -0.135066 -0.207282 0.811784
10.1858 -0.879709 -3.61623 6.55439 0.524851 -0.142435 -0.219792 0.809898
10.1919 -0.884066 -3.59845 6.55438 0.523768 -0.146368 -0.22586 0.808227
10.2113 -0.896211 -3.54158 6.55439 0.5195 -0.153612 -0.238342 0.80605
10.2308 -0.906161 -3.48376 6.55439 0.512312 -0.162697 -0.255231 0.803693
10.244 -0.911488 -3.44466 6.55439 0.509387 -0.171637 -0.269256 0.799104
10.2612 -0.916412 -3.3932 6.55438 0.503867 -0.181076 -0.285637 0.794822
10.2811 -0.919713 -3.33366 6.55438 0.498171 -0.190362 -0.301952 0.790198
10.3002 -0.921169 -3.27635 6.55439 0.493294 -0.197028 -0.314264 0.786816
10.3181 -0.921191 -3.22259 6.55439 0.490793 -0.203178 -0.324075 0.782826
10.3257 -0.920745 -3.19989 6.55439 0.484833 -0.206414 -0.332923 0.78198
10.3443 -0.918259 -3.14418 6.55439 0.482215 -0.212458 -0.342671 0.777758
10.365 -0.91393 -3.08208 6.55439 0.479521 -0.218469 -0.352366 0.773414
10.3787 -0.910277 -3.04141 6.55439 0.477313 -0.223253 -0.360082 0.769851
10.3973 -0.904439 -2.98581 6.55439 0.475625 -0.226827 -0.365846 0.767129
10.4216 -0.895001 -2.91339 6.55439 0.472752 -0.232754 -0.375407 0.762496
10.4389 -0.887272 -2.86212 6.55439 0.468503 -0.236512 -0.383605 0.759878
10.4579 -0.877376 -2.80602 6.55439 0.46551 -0.24235 -0.393073 0.755023
10.4653 -0.873439 -2.78433 6.55439 0.464903 -0.243513 -0.39496 0.754038
10.4766 -0.867044 -2.75101 6.55439 0.463679 -0.245834 -0.398725 0.752054
10.4937 -0.85632 -2.7006 6.55439 0.461198 -0.250458 -0.406225 0.748029
10.5102 -0.845318 -2.65244 6.55438 0.459306 -0.25391 -0.411824 0.744962
10.5278 -0.832807 -2.60123 6.55439 0.457389 -0.257348 -0.4174 0.741852
10.5536 -0.813278 -2.52618 6.55439 0.455446 -0.260771 -0.422952 0.738701
10.5692 -0.800873 -2.48129 6.55438 0.453478 -0.26418 -0.42848 0.735508
10.5855 -0.787367 -2.43425 6.55439 0.452151 -0.266444 -0.432152 0.733356
10.5983 -0.776571 -2.39735 6.55438 0.451484 -0.267573 -0.433984 0.732274
10.6109 -0.765427 -2.36127 6.55439 0.449464 -0.270952 -0.439464 0.728998
10.6357 -0.741986 -2.29045 6.55439 0.446732 -0.275433 -0.446732 0.724567
10.6503 -0.728032 -2.24898 6.55439 0.446042 -0.276549 -0.448542 0.723448
10.6664 -0.712002 -2.2036 6.55439 0.443956 -0.279886 -0.453955 0.720064
10.6829 -0.69505 -2.1571 6.55439 0.442551 -0.282103 -0.45755 0.717785
10.6936 -0.683821 -2.12678 6.55439 0.441844 -0.283208 -0.459343 0.716639
10.7106 -0.66547 -2.07941 6.55439 0.439708 -0.286514 -0.464705 0.713174
10.7289 -0.645133 -2.02843 6.55439 0.438269 -0.288709 -0.468265 0.710841
10.7494 -0.620939 -1.97194 6.55439 0.434626 -0.294164 -0.477113 0.704933
10.769 -0.596977 -1.91822 6.55438 0.432408 -0.297416 -0.482387 0.701334
10.7816 -0.610389 -1.88267 6.55438 0.431663 -0.298496 -0.484139 0.700126
10.7923 -0.621263 -1.85249 6.55439 0.429412 -0.301725 -0.489376 0.696476
10.8093 -0.63808 -1.80431 6.55439 0.427898 -0.303868 -0.492852 0.69402
10.827 -0.655332 -1.75407 6.55438 0.428868 -0.306173 -0.493822 0.691716
10.8448 -0.671602 -1.70342 6.55439 0.4275 -0.311697 -0.499937 0.685676
10.8693 -0.691995 -1.63271 6.55439 0.422777 -0.318074 -0.510165 0.6781
10.8856 -0.704805 -1.58565 6.55439 0.422064 -0.322523 -0.514432 0.673202
10.8942 -0.711509 -1.56054 6.55439 0.421256 -0.323577 -0.516113 0.671914
10.9129 -0.725162 -1.50611 6.55439 0.418818 -0.326727 -0.521138 0.668024
10.9266 -0.734918 -1.46639 6.55438 0.419665 -0.329079 -0.521985 0.665672
10.944 -0.746862 -1.41556 6.55439 0.418014 -0.331173 -0.525307 0.663054
10.9594 -0.756565 -1.37021 6.55439 0.417965 -0.337992 -0.530228 0.655686
10.9831 -0.770389 -1.30051 6.55439 0.415419 -0.341118 -0.535131 0.651691
11.0016 -0.780892 -1.24613 6.55439 0.416189 -0.343496 -0.535901 0.649313
11.0096 -0.785352 -1.22241 6.55439 0.415329 -0.344535 -0.537523 0.647971
11.0291 -0.795867 -1.16488 6.55438 0.414467 -0.345572 -0.539141 0.646625
11.0442 -0.804026 -1.12025 6.55439 0.414467 -0.345572 -0.539141 0.646625
11.0622 -0.813201 -1.06705 6.55439 0.412734 -0.34764 -0.542367 0.643921
11.079 -0.821244 -1.01746 6.55439 0.41099 -0.3497 -0.54558 0.641202
11.1022 -0.83203 -0.948794 6.55439 0.411713 -0.352093 -0.546303 0.638808
11.1154 -0.837624 -0.909322 6.55439 0.410646 -0.356547 -0.550189 0.633669
11.1265 -0.842105 -0.876531 6.55439 0.41291 -0.360327 -0.549977 0.630234
11.1461 -0.849797 -0.818056 6.55438 0.413579 -0.362736 -0.550645 0.627826
11.1605 -0.855408 -0.7754 6.55438 0.413579 -0.362736 -0.550645 0.627826
11.1809 -0.863412 -0.714551 6.55439 0.413579 -0.362736 -0.550645 0.627826
11.1982 -0.870189 -0.66304 6.55439 0.413579 -0.362736 -0.550645 0.627826
11.2177 -0.870189 -0.66304 6.55439 0.413579 -0.362736 -0.550645 0.627826
11.2333 -0.870189 -0.66304 6.55439 0.413579 -0.362736 -0.550645 0.627826
11.2448 -0.870189 -0.66304 6.55439 0.413579 -0.362736 -0.550645 0.627826
11.2654 -0.870189 -0.66304 6.55439 0.413579 -0.362736 -0.550645 0.627826
11.2812 -0.870189 -0.66304 6.55439 0.413579 -0.362736 -0.550645 0.627826
11.2984 -0.870189 -0.66304 6.55439 0.413579 -0.362736 -0.550645 0.627826
11.3154 -0.870189 -0.66304 6.55439 0.413579 -0.362736 -0.550645 0.627826
11.3394 -0.870189 -0.66304 6.55439 0.413579 -0.362736 -0.550645 0.627826
11.3576 -0.870189 -0.66304 6.55439 0.413579 -0.362736 -0.550645 0.627826
11.3638 -0.870189 -0.66304 6.55439 0.413579 -0.362736 -0.550645 0.627826
11.3767 -0.870189 -0.66304 6.55439 0.413579 -0.362736 -0.550645 0.627826
11.3948 -0.870189 -0.66304 6.55439 0.413579 -0.362736 -0.550645 0.627826
11.4172 -0.870189 -0.66304 6.55439 0.413579 -0.362736 -0.550645 0.627826
11.4332 -0.870189 -0.66304 6.55439 0.413579 -0.362736 -0.550645 0.627826
11.4438 -0.870189 -0.66304 6.55439 0.413579 -0.362736 -0.550645 0.627826
11.4618 -0.870189 -0.66304 6.55439 0.413579 -0.362736 -0.550645 0.627826
11.4774 -0.870189 -0.66304 6.55439 0.413579 -0.362736 -0.550645 0.627826
11.4968 -0.870189 -0.66304 6.55439 0.413579 -0.362736 -0.550645 0.627826
11.5245 -0.870189 -0.66304 6.55439 0.413579 -0.362736 -0.550645 0.627826
11.5405 -0.870189 -0.66304 6.55439 0.413579 -0.362736 -0.550645 0.627826
11.5488 -0.870189 -0.66304 6.55439 0.413579 -0.362736 -0.550645 0.627826
11.5619 -0.870189 -0.66304 6.55439 0.413579 -0.362736 -0.550645 0.627826
11.5769 -0.870189 -0.66304 6.55439 0.413579 -0.362736 -0.550645 0.627826
11.5945 -0.870189 -0.66304 6.55439 0.413579 -0.362736 -0.550645 0.627826
11.6117 -0.870189 -0.66304 6.55439 0.413579 -0.362736 -0.550645 0.627826
11.6343 -0.870189 -0.66304 6.55439 0.413579 -0.362736 -0.550645 0.627826
11.6552 -0.870189 -0.66304 6.55439 0.413579 -0.362736 -0.550645 0.627826
11.6623 -0.870189 -0.66304 6.55439 0.413579 -0.362736 -0.550645 0.627826
11.677 -0.870189 -0.66304 6.55439 0.413579 -0.362736 -0.550645 0.627826
11.6951 -0.870189 -0.66304 6.55439 0.413579 -0.362736 -0.550645 0.627826
11.7126 -0.870189 -0.66304 6.55439 0.413579 -0.362736 -0.550645 0.627826
11.7295 -0.870189 -0.66304 6.55439 0.413579 -0.362736 -0.550645 0.627826
11.7556 -0.870189 -0.66304 6.55439 0.413579 -0.362736 -0.550645 0.627826
11.7732 -0.870189 -0.66304 6.55439 0.413579 -0.362736 -0.550645 0.627826
11.7791 -0.870189 -0.66304 6.55439 0.413579 -0.362736 -0.550645 0.627826
11.7937 -0.870189 -0.66304 6.55439 0.413579 -0.362736 -0.550645 0.627826
11.8124 -0.870189 -0.66304 6.55439 0.413579 -0.362736 -0.550645 0.627826
11.833 -0.870189 -0.66304 6.55439 0.413579 -0.362736 -0.550645 0.627826
11.8485 -0.870189 -0.66304 6.55439 0.413579 -0.362736 -0.550645 0.627826
11.8604 -0.870189 -0.66304 6.55439 0.413579 -0.362736 -0.550645 0.627826
11.879 -0.870189 -0.66304 6.55439 0.413579 -0.362736 -0.550645 0.627826
11.8938 -0.870189 -0.66304 6.55439 0.413579 -0.362736 -0.550645 0.627826
11.9122 -0.870189 -0.66304 6.55439 0.413579 -0.362736 -0.550645 0.627826
11.931 -0.870189 -0.66304 6.55439 0.413579 -0.362736 -0.550645 0.627826
11.956 -0.870189 -0.66304 6.55439 0.413579 -0.362736 -0.550645 0.627826
11.9749 -0.870189 -0.66304 6.55439 0.413579 -0.362736 -0.550645 0.627826
11.9811 -0.870189 -0.66304 6.55439 0.413579 -0.362736 -0.550645 0.627826
11.9936 -0.870189 -0.66304 6.55439 0.413579 -0.362736 -0.550645 0.627826
12.0121 -0.870189 -0.66304 6.55439 0.413579 -0.362736 -0.550645 0.627826
12.0341 -0.870189 -0.66304 6.55439 0.413579 -0.362736 -0.550645 0.627826
12.049 -0.870189 -0.66304 6.55439 0.413579 -0.362736 -0.550645 0.627826
